
 -----------------------------------------------
      Restrained ESP Fit 2.3  Amber 4.1
 -----------------------------------------------
  RESP-A1 project. RESP input generated by R.E.D.                                
 -----------------------------------------------


 inopt       =     0   ioutopt     =     1
 nmol        =     4   iqopt       =     1
 ihfree      =     1   irstrnt     =     1
 iunits      =     0   qwt         =   0.00050000

 %RESP-I-MULT_MOL,  multiple-molecule run of   4 molecules

 Reading input for molecule   1 weight:     1.000
 Dimethylalanine-dipeptide_(alpha-helix)                                        

 Total charge (ich):  0
 Number of centers: 25
    1    6    0
    2    1    0
    3    1    0
    4    1    0
    5    6    0
    6    8    0
    7    7    0
    8    1    0
    9    6    0
   10    6    0
   11    1    0
   12    1    0
   13    1    0
   14    6    0
   15    1    0
   16    1    0
   17    1    0
   18    6    0
   19    8    0
   20    7    0
   21    1    0
   22    6    0
   23    1    0
   24    1    0
   25    1    0

 Reading input for molecule   2 weight:     1.000
 Dimethylalanine-dipeptide_(alpha-helix)                                        

 Total charge (ich):  0
 Number of centers: 25
   26    6    0
   27    1    0
   28    1    0
   29    1    0
   30    6    0
   31    8    0
   32    7    0
   33    1    0
   34    6    0
   35    6    0
   36    1    0
   37    1    0
   38    1    0
   39    6    0
   40    1    0
   41    1    0
   42    1    0
   43    6    0
   44    8    0
   45    7    0
   46    1    0
   47    6    0
   48    1    0
   49    1    0
   50    1    0

 Reading input for molecule   3 weight:     1.000
 Dimethylalanine-dipeptide_(alpha-helix)                                        

 Total charge (ich):  0
 Number of centers: 25
   51    6    0
   52    1    0
   53    1    0
   54    1    0
   55    6    0
   56    8    0
   57    7    0
   58    1    0
   59    6    0
   60    6    0
   61    1    0
   62    1    0
   63    1    0
   64    6    0
   65    1    0
   66    1    0
   67    1    0
   68    6    0
   69    8    0
   70    7    0
   71    1    0
   72    6    0
   73    1    0
   74    1    0
   75    1    0

 Reading input for molecule   4 weight:     1.000
 Dimethylalanine-dipeptide_(alpha-helix)                                        

 Total charge (ich):  0
 Number of centers: 25
   76    6    0
   77    1    0
   78    1    0
   79    1    0
   80    6    0
   81    8    0
   82    7    0
   83    1    0
   84    6    0
   85    6    0
   86    1    0
   87    1    0
   88    1    0
   89    6    0
   90    1    0
   91    1    0
   92    1    0
   93    6    0
   94    8    0
   95    7    0
   96    1    0
   97    6    0
   98    1    0
   99    1    0
  100    1    0

 Iqopt =1: all q0 values will be set to 0
 --------------------------------
 reading mult_mol constraint info
 --------------------------------
    1    1    2    1    3    1    4    1
    1    2    2    2    3    2    4    2
    1    3    2    3    3    3    4    3
    1    4    2    4    3    4    4    4
    1    5    2    5    3    5    4    5
    1    6    2    6    3    6    4    6
    1    7    2    7    3    7    4    7
    1    8    2    8    3    8    4    8
    1    9    2    9    3    9    4    9
    1   10    2   10    3   10    4   10
    1   11    2   11    3   11    4   11
    1   12    2   12    3   12    4   12
    1   13    2   13    3   13    4   13
    1   14    2   14    3   14    4   14
    1   15    2   15    3   15    4   15
    1   16    2   16    3   16    4   16
    1   17    2   17    3   17    4   17
    1   18    2   18    3   18    4   18
    1   19    2   19    3   19    4   19
    1   20    2   20    3   20    4   20
    1   21    2   21    3   21    4   21
    1   22    2   22    3   22    4   22
    1   23    2   23    3   23    4   23
    1   24    2   24    3   24    4   24
    1   25    2   25    3   25    4   25

  --------------------
     Atom   Ivary
  --------------------
    6    0
    1    0
    1    0
    1    0
    6    0
    8    0
    7    0
    1    0
    6    0
    6    0
    1    0
    1    0
    1    0
    6    0
    1    0
    1    0
    1    0
    6    0
    8    0
    7    0
    1    0
    6    0
    1    0
    1    0
    1    0

    6    1
    1    2
    1    3
    1    4
    6    5
    8    6
    7    7
    1    8
    6    9
    6   10
    1   11
    1   12
    1   13
    6   14
    1   15
    1   16
    1   17
    6   18
    8   19
    7   20
    1   21
    6   22
    1   23
    1   24
    1   25

    6    1
    1    2
    1    3
    1    4
    6    5
    8    6
    7    7
    1    8
    6    9
    6   10
    1   11
    1   12
    1   13
    6   14
    1   15
    1   16
    1   17
    6   18
    8   19
    7   20
    1   21
    6   22
    1   23
    1   24
    1   25

    6    1
    1    2
    1    3
    1    4
    6    5
    8    6
    7    7
    1    8
    6    9
    6   10
    1   11
    1   12
    1   13
    6   14
    1   15
    1   16
    1   17
    6   18
    8   19
    7   20
    1   21
    6   22
    1   23
    1   24
    1   25

  ----------------------------------------------------------------------------


 Total number of atoms      =  100
 Weight factor on initial charge restraints=  0.000500


 There are  4 charge constraints

 Reading esp"s for molecule   1
 total number of atoms      =    25
 total number of esp points =  1046


 center     X       Y       Z 
    1  -0.2680053E+01  -0.1001211E+01   0.5999691E-01
    2  -0.2744113E+01  -0.3031432E+01   0.3312293E+00
    3  -0.3694214E+01  -0.1159536E+00   0.1608894E+01
    4  -0.3609936E+01  -0.5094588E+00  -0.1689334E+01
    5   0.0000000E+00   0.0000000E+00   0.0000000E+00
    6   0.6291502E+00   0.1686010E+01  -0.1374657E+01
    7   0.1643289E+01  -0.1172539E+01   0.1600124E+01
    8   0.8970869E+00  -0.2383882E+01   0.2831308E+01
    9   0.4122751E+01  -0.1403764E+00   0.2285677E+01
   10   0.5322689E+01  -0.2005296E+01   0.4160445E+01
   11   0.4201866E+01  -0.2111958E+01   0.5877416E+01
   12   0.5466735E+01  -0.3882176E+01   0.3349794E+01
   13   0.7200251E+01  -0.1370545E+01   0.4664086E+01
   14   0.3882183E+01   0.2474192E+01   0.3506194E+01
   15   0.5719103E+01   0.3159660E+01   0.4075436E+01
   16   0.3070888E+01   0.3819240E+01   0.2201718E+01
   17   0.2677112E+01   0.2341363E+01   0.5162629E+01
   18   0.5919359E+01   0.0000000E+00   0.0000000E+00
   19   0.7641982E+01   0.1476626E+01   0.0000000E+00
   20   0.5609472E+01  -0.1758725E+01  -0.1819986E+01
   21   0.3954093E+01  -0.2635537E+01  -0.1897413E+01
   22   0.7111077E+01  -0.1661929E+01  -0.4104128E+01
   23   0.6613979E+01  -0.5620045E-01  -0.5277563E+01
   24   0.9088514E+01  -0.1523280E+01  -0.3620348E+01
   25   0.6804744E+01  -0.3385162E+01  -0.5162835E+01

 Reading esp"s for molecule   2
 total number of atoms      =    25
 total number of esp points =  1041


 center     X       Y       Z 
    1   0.9449476E+01   0.4836474E+01  -0.5999691E-01
    2   0.1081941E+02   0.3336748E+01  -0.3312293E+00
    3   0.9643325E+01   0.6168625E+01  -0.1608894E+01
    4   0.9835438E+01   0.5815012E+01   0.1689334E+01
    5   0.6763080E+01   0.3852410E+01   0.0000000E+00
    6   0.5188125E+01   0.4723028E+01   0.1374657E+01
    7   0.6278543E+01   0.1892699E+01  -0.1600124E+01
    8   0.7633446E+01   0.1458644E+01  -0.2831308E+01
    9   0.3724298E+01   0.1062682E+01  -0.2285677E+01
   10   0.4026980E+01  -0.1134172E+01  -0.4160445E+01
   11   0.4947365E+01  -0.4857030E+00  -0.5877416E+01
   12   0.5139115E+01  -0.2652913E+01  -0.3349794E+01
   13   0.2188361E+01  -0.1874191E+01  -0.4664086E+01
   14   0.2205346E+01   0.3204321E+01  -0.3506194E+01
   15   0.3645754E+00   0.2529258E+01  -0.4075436E+01
   16   0.1945930E+01   0.4753534E+01  -0.2201718E+01
   17   0.3206725E+01   0.3887750E+01  -0.5162629E+01
   18   0.2268888E+01   0.0000000E+00   0.0000000E+00
   19   0.0000000E+00   0.0000000E+00   0.0000000E+00
   20   0.3648770E+01  -0.1133609E+01   0.1819986E+01
   21   0.5476237E+01  -0.7219698E+00   0.1897413E+01
   22   0.2445702E+01  -0.2037383E+01   0.4104128E+01
   23   0.1778085E+01  -0.4947378E+00   0.5277563E+01
   24   0.8541259E+00  -0.3219063E+01   0.3620348E+01
   25   0.3799787E+01  -0.3146358E+01   0.5162835E+01

 Reading esp"s for molecule   3
 total number of atoms      =    25
 total number of esp points =  1048


 center     X       Y       Z 
    1  -0.2891458E+01   0.1759046E+01  -0.2962336E+01
    2  -0.2842683E+01   0.3520391E+01  -0.4008640E+01
    3  -0.3614360E+01   0.2953717E+00  -0.4205861E+01
    4  -0.4154342E+01   0.1938309E+01  -0.1368708E+01
    5  -0.3034427E+00   0.9900010E+00  -0.2013942E+01
    6   0.0000000E+00   0.0000000E+00   0.0000000E+00
    7   0.1650472E+01   0.1529862E+01  -0.3603409E+01
    8   0.1190724E+01   0.2132658E+01  -0.5325401E+01
    9   0.4184173E+01   0.4340606E+00  -0.3353098E+01
   10   0.5776289E+01   0.1483722E+01  -0.5543054E+01
   11   0.5010127E+01   0.8631947E+00  -0.7344040E+01
   12   0.5816684E+01   0.3532661E+01  -0.5514876E+01
   13   0.7696244E+01   0.7951457E+00  -0.5396653E+01
   14   0.4106303E+01  -0.2457439E+01  -0.3482158E+01
   15   0.5997522E+01  -0.3220074E+01  -0.3382844E+01
   16   0.3020289E+01  -0.3230328E+01  -0.1935472E+01
   17   0.3246631E+01  -0.3034520E+01  -0.5254600E+01
   18   0.5502878E+01   0.1276344E+01  -0.8988349E+00
   19   0.7149359E+01   0.0000000E+00   0.0000000E+00
   20   0.4900475E+01   0.3585173E+01   0.0000000E+00
   21   0.3287500E+01   0.4342428E+01  -0.5830523E+00
   22   0.5931383E+01   0.4452720E+01   0.2380354E+01
   23   0.5171126E+01   0.3404281E+01   0.3969443E+01
   24   0.7960015E+01   0.4233470E+01   0.2370525E+01
   25   0.5477802E+01   0.6434402E+01   0.2607145E+01

 Reading esp"s for molecule   4
 total number of atoms      =    25
 total number of esp points =  1043


 center     X       Y       Z 
    1  -0.2593532E+01   0.7571166E+01   0.2962336E+01
    2  -0.4059706E+01   0.6593898E+01   0.4008640E+01
    3  -0.1737745E+01   0.8961332E+01   0.4205861E+01
    4  -0.3416466E+01   0.8545738E+01   0.1368708E+01
    5  -0.5668214E+00   0.5787435E+01   0.2013942E+01
    6   0.4330836E+00   0.6056449E+01   0.0000000E+00
    7   0.1412192E-01   0.3845339E+01   0.3603409E+01
    8  -0.7408255E+00   0.3914490E+01   0.5325401E+01
    9   0.2288776E+01   0.2281251E+01   0.3353098E+01
   10   0.2245599E+01   0.3747459E+00   0.5543054E+01
   11   0.2364142E+01   0.1353524E+01   0.7344040E+01
   12   0.5313418E+00  -0.7482446E+00   0.5514876E+01
   13   0.3849145E+01  -0.8858109E+00   0.5396653E+01
   14   0.4696880E+01   0.3883710E+01   0.3482158E+01
   15   0.6347892E+01   0.2686850E+01   0.3382844E+01
   16   0.4774527E+01   0.5214408E+01   0.1935472E+01
   17   0.4728926E+01   0.4918617E+01   0.5254600E+01
   18   0.2275990E+01   0.7165576E+00   0.8988349E+00
   19   0.4232132E+01   0.0000000E+00   0.0000000E+00
   20   0.0000000E+00   0.0000000E+00   0.0000000E+00
   21  -0.1498602E+01   0.9640097E+00   0.5830523E+00
   22  -0.1871188E+00  -0.1334313E+01  -0.2380354E+01
   23   0.2970593E+00  -0.1331539E+00  -0.3969443E+01
   24   0.1076596E+01  -0.2936328E+01  -0.2370525E+01
   25  -0.2106889E+01  -0.2003104E+01  -0.2607145E+01
 Initial ssvpot =     2.207


 Number of unique UNfrozen centers=   25

 Non-linear optimization requested.
 qchnge =    0.3727782454E-01
 qchnge =    0.4772718470E-02
 qchnge =    0.1509466626E-02
 qchnge =    0.5548320278E-03
 qchnge =    0.2113094357E-03
 qchnge =    0.8116318697E-04
 qchnge =    0.3128047196E-04
 qchnge =    0.1208356166E-04
 qchnge =    0.4676542747E-05
 qchnge =    0.1812745100E-05
 qchnge =    0.7036416978E-06

 Convergence in   10 iterations





 Dimethylalanine-dipeptide_(alpha-helix)                                        

          Point Charges Before & After Optimization

    no.  At.no.    q(init)       q(opt)     ivary    d(rstr)/dq
    1   6       0.000000      -0.283829      0       0.001661
    2   1       0.000000       0.062919      0       0.000000
    3   1       0.000000       0.096263      0       0.000000
    4   1       0.000000       0.094630      0       0.000000
    5   6       0.000000       0.676892      0       0.000731
    6   8       0.000000      -0.562781      0       0.000875
    7   7       0.000000      -0.598838      0       0.000824
    8   1       0.000000       0.329991      0       0.000000
    9   6       0.000000       0.092348      0       0.003673
   10   6       0.000000      -0.215092      0       0.002108
   11   1       0.000000       0.084921      0       0.000000
   12   1       0.000000       0.025436      0       0.000000
   13   1       0.000000       0.102953      0       0.000000
   14   6       0.000000      -0.168822      0       0.002548
   15   1       0.000000       0.053123      0       0.000000
   16   1       0.000000       0.085968      0       0.000000
   17   1       0.000000       0.050283      0       0.000000
   18   6       0.000000       0.685841      0       0.000721
   19   8       0.000000      -0.570759      0       0.000863
   20   7       0.000000      -0.482237      0       0.001015
   21   1       0.000000       0.296592      0       0.000000
   22   6       0.000000      -0.106548      0       0.003422
   23   1       0.000000       0.087804      0       0.000000
   24   1       0.000000       0.085373      0       0.000000
   25   1       0.000000       0.077572      0       0.000000

   26   6       0.000000      -0.283829      1       0.001661
   27   1       0.000000       0.062919      2       0.000000
   28   1       0.000000       0.096263      3       0.000000
   29   1       0.000000       0.094630      4       0.000000
   30   6       0.000000       0.676892      5       0.000731
   31   8       0.000000      -0.562781      6       0.000875
   32   7       0.000000      -0.598838      7       0.000824
   33   1       0.000000       0.329991      8       0.000000
   34   6       0.000000       0.092348      9       0.003673
   35   6       0.000000      -0.215092     10       0.002108
   36   1       0.000000       0.084921     11       0.000000
   37   1       0.000000       0.025436     12       0.000000
   38   1       0.000000       0.102953     13       0.000000
   39   6       0.000000      -0.168822     14       0.002548
   40   1       0.000000       0.053123     15       0.000000
   41   1       0.000000       0.085968     16       0.000000
   42   1       0.000000       0.050283     17       0.000000
   43   6       0.000000       0.685841     18       0.000721
   44   8       0.000000      -0.570759     19       0.000863
   45   7       0.000000      -0.482237     20       0.001015
   46   1       0.000000       0.296592     21       0.000000
   47   6       0.000000      -0.106548     22       0.003422
   48   1       0.000000       0.087804     23       0.000000
   49   1       0.000000       0.085373     24       0.000000
   50   1       0.000000       0.077572     25       0.000000

   51   6       0.000000      -0.283829      1       0.001661
   52   1       0.000000       0.062919      2       0.000000
   53   1       0.000000       0.096263      3       0.000000
   54   1       0.000000       0.094630      4       0.000000
   55   6       0.000000       0.676892      5       0.000731
   56   8       0.000000      -0.562781      6       0.000875
   57   7       0.000000      -0.598838      7       0.000824
   58   1       0.000000       0.329991      8       0.000000
   59   6       0.000000       0.092348      9       0.003673
   60   6       0.000000      -0.215092     10       0.002108
   61   1       0.000000       0.084921     11       0.000000
   62   1       0.000000       0.025436     12       0.000000
   63   1       0.000000       0.102953     13       0.000000
   64   6       0.000000      -0.168822     14       0.002548
   65   1       0.000000       0.053123     15       0.000000
   66   1       0.000000       0.085968     16       0.000000
   67   1       0.000000       0.050283     17       0.000000
   68   6       0.000000       0.685841     18       0.000721
   69   8       0.000000      -0.570759     19       0.000863
   70   7       0.000000      -0.482237     20       0.001015
   71   1       0.000000       0.296592     21       0.000000
   72   6       0.000000      -0.106548     22       0.003422
   73   1       0.000000       0.087804     23       0.000000
   74   1       0.000000       0.085373     24       0.000000
   75   1       0.000000       0.077572     25       0.000000

   76   6       0.000000      -0.283829      1       0.001661
   77   1       0.000000       0.062919      2       0.000000
   78   1       0.000000       0.096263      3       0.000000
   79   1       0.000000       0.094630      4       0.000000
   80   6       0.000000       0.676892      5       0.000731
   81   8       0.000000      -0.562781      6       0.000875
   82   7       0.000000      -0.598838      7       0.000824
   83   1       0.000000       0.329991      8       0.000000
   84   6       0.000000       0.092348      9       0.003673
   85   6       0.000000      -0.215092     10       0.002108
   86   1       0.000000       0.084921     11       0.000000
   87   1       0.000000       0.025436     12       0.000000
   88   1       0.000000       0.102953     13       0.000000
   89   6       0.000000      -0.168822     14       0.002548
   90   1       0.000000       0.053123     15       0.000000
   91   1       0.000000       0.085968     16       0.000000
   92   1       0.000000       0.050283     17       0.000000
   93   6       0.000000       0.685841     18       0.000721
   94   8       0.000000      -0.570759     19       0.000863
   95   7       0.000000      -0.482237     20       0.001015
   96   1       0.000000       0.296592     21       0.000000
   97   6       0.000000      -0.106548     22       0.003422
   98   1       0.000000       0.087804     23       0.000000
   99   1       0.000000       0.085373     24       0.000000
  100   1       0.000000       0.077572     25       0.000000

 Sum over the calculated charges:      0.000

        Statistics of the fitting:
  The initial sum of squares (ssvpot)                      2.207
  The residual sum of squares (chipot)                     0.012
  The std err of estimate (sqrt(chipot/N))               0.00344
  ESP relative RMS (SQRT(chipot/ssvpot))                 0.07488
