
 Dimethylalanine-dipeptide_(alpha-helix)                                        

iqopt   irstrnt  ihfree     qwt
  1      1      1        0.000500

 rel.rms   dipole mom       Qxx      Qyy      Qzz
    0.07488   0.00000   0.00000   0.00000   0.00000

          Point charges before & after optimization
    NO   At.No.    q0           q(opt)   IVARY  d(rstr)/dq 
     1     6   0.000000      -0.283829    0    0.001661
     2     1   0.000000       0.062919    0    0.000000
     3     1   0.000000       0.096263    0    0.000000
     4     1   0.000000       0.094630    0    0.000000
     5     6   0.000000       0.676892    0    0.000731
     6     8   0.000000      -0.562781    0    0.000875
     7     7   0.000000      -0.598838    0    0.000824
     8     1   0.000000       0.329991    0    0.000000
     9     6   0.000000       0.092348    0    0.003673
    10     6   0.000000      -0.215092    0    0.002108
    11     1   0.000000       0.084921    0    0.000000
    12     1   0.000000       0.025436    0    0.000000
    13     1   0.000000       0.102953    0    0.000000
    14     6   0.000000      -0.168822    0    0.002548
    15     1   0.000000       0.053123    0    0.000000
    16     1   0.000000       0.085968    0    0.000000
    17     1   0.000000       0.050283    0    0.000000
    18     6   0.000000       0.685841    0    0.000721
    19     8   0.000000      -0.570759    0    0.000863
    20     7   0.000000      -0.482237    0    0.001015
    21     1   0.000000       0.296592    0    0.000000
    22     6   0.000000      -0.106548    0    0.003422
    23     1   0.000000       0.087804    0    0.000000
    24     1   0.000000       0.085373    0    0.000000
    25     1   0.000000       0.077572    0    0.000000
    26     6   0.000000      -0.283829    1    0.001661
    27     1   0.000000       0.062919    2    0.000000
    28     1   0.000000       0.096263    3    0.000000
    29     1   0.000000       0.094630    4    0.000000
    30     6   0.000000       0.676892    5    0.000731
    31     8   0.000000      -0.562781    6    0.000875
    32     7   0.000000      -0.598838    7    0.000824
    33     1   0.000000       0.329991    8    0.000000
    34     6   0.000000       0.092348    9    0.003673
    35     6   0.000000      -0.215092   10    0.002108
    36     1   0.000000       0.084921   11    0.000000
    37     1   0.000000       0.025436   12    0.000000
    38     1   0.000000       0.102953   13    0.000000
    39     6   0.000000      -0.168822   14    0.002548
    40     1   0.000000       0.053123   15    0.000000
    41     1   0.000000       0.085968   16    0.000000
    42     1   0.000000       0.050283   17    0.000000
    43     6   0.000000       0.685841   18    0.000721
    44     8   0.000000      -0.570759   19    0.000863
    45     7   0.000000      -0.482237   20    0.001015
    46     1   0.000000       0.296592   21    0.000000
    47     6   0.000000      -0.106548   22    0.003422
    48     1   0.000000       0.087804   23    0.000000
    49     1   0.000000       0.085373   24    0.000000
    50     1   0.000000       0.077572   25    0.000000
    51     6   0.000000      -0.283829    1    0.001661
    52     1   0.000000       0.062919    2    0.000000
    53     1   0.000000       0.096263    3    0.000000
    54     1   0.000000       0.094630    4    0.000000
    55     6   0.000000       0.676892    5    0.000731
    56     8   0.000000      -0.562781    6    0.000875
    57     7   0.000000      -0.598838    7    0.000824
    58     1   0.000000       0.329991    8    0.000000
    59     6   0.000000       0.092348    9    0.003673
    60     6   0.000000      -0.215092   10    0.002108
    61     1   0.000000       0.084921   11    0.000000
    62     1   0.000000       0.025436   12    0.000000
    63     1   0.000000       0.102953   13    0.000000
    64     6   0.000000      -0.168822   14    0.002548
    65     1   0.000000       0.053123   15    0.000000
    66     1   0.000000       0.085968   16    0.000000
    67     1   0.000000       0.050283   17    0.000000
    68     6   0.000000       0.685841   18    0.000721
    69     8   0.000000      -0.570759   19    0.000863
    70     7   0.000000      -0.482237   20    0.001015
    71     1   0.000000       0.296592   21    0.000000
    72     6   0.000000      -0.106548   22    0.003422
    73     1   0.000000       0.087804   23    0.000000
    74     1   0.000000       0.085373   24    0.000000
    75     1   0.000000       0.077572   25    0.000000
    76     6   0.000000      -0.283829    1    0.001661
    77     1   0.000000       0.062919    2    0.000000
    78     1   0.000000       0.096263    3    0.000000
    79     1   0.000000       0.094630    4    0.000000
    80     6   0.000000       0.676892    5    0.000731
    81     8   0.000000      -0.562781    6    0.000875
    82     7   0.000000      -0.598838    7    0.000824
    83     1   0.000000       0.329991    8    0.000000
    84     6   0.000000       0.092348    9    0.003673
    85     6   0.000000      -0.215092   10    0.002108
    86     1   0.000000       0.084921   11    0.000000
    87     1   0.000000       0.025436   12    0.000000
    88     1   0.000000       0.102953   13    0.000000
    89     6   0.000000      -0.168822   14    0.002548
    90     1   0.000000       0.053123   15    0.000000
    91     1   0.000000       0.085968   16    0.000000
    92     1   0.000000       0.050283   17    0.000000
    93     6   0.000000       0.685841   18    0.000721
    94     8   0.000000      -0.570759   19    0.000863
    95     7   0.000000      -0.482237   20    0.001015
    96     1   0.000000       0.296592   21    0.000000
    97     6   0.000000      -0.106548   22    0.003422
    98     1   0.000000       0.087804   23    0.000000
    99     1   0.000000       0.085373   24    0.000000
   100     1   0.000000       0.077572   25    0.000000

        Statistics of the fitting:
  The initial sum of squares (ssvpot)                      2.207
  The residual sum of squares (chipot)                     0.012
  The std err of estimate (sqrt(chipot/N))               0.00344
  ESP relative RMS (SQRT(chipot/ssvpot))                 0.07488
