
 Dimethylalanine-dipeptide_(alpha-helix)                                        

iqopt   irstrnt  ihfree     qwt
  2      1      1        0.001000

 rel.rms   dipole mom       Qxx      Qyy      Qzz
    0.11976   0.00000   0.00000   0.00000   0.00000

          Point charges before & after optimization
    NO   At.No.    q0           q(opt)   IVARY  d(rstr)/dq 
     1     6  -0.283829      -0.157736    0    0.005355
     2     1   0.062919       0.046113    0    0.000000
     3     1   0.096263       0.046113    2    0.000000
     4     1   0.094630       0.046113    2    0.000000
     5     6   0.676892       0.676892   -1    0.001461
     6     8  -0.562781      -0.562781   -1    0.001749
     7     7  -0.598838      -0.598838   -1    0.001647
     8     1   0.329991       0.329991   -1    0.000000
     9     6   0.092348       0.092348   -1    0.007347
    10     6  -0.215092      -0.181961    0    0.004816
    11     1   0.084921       0.065477    0    0.000000
    12     1   0.025436       0.065477   11    0.000000
    13     1   0.102953       0.065477   11    0.000000
    14     6  -0.168822      -0.181961   10    0.004816
    15     1   0.053123       0.065477   11    0.000000
    16     1   0.085968       0.065477   11    0.000000
    17     1   0.050283       0.065477   11    0.000000
    18     6   0.685841       0.685841   -1    0.001443
    19     8  -0.570759      -0.570759   -1    0.001726
    20     7  -0.482237      -0.482237   -1    0.002030
    21     1   0.296592       0.296592   -1    0.000000
    22     6  -0.106548      -0.286978    0    0.003291
    23     1   0.087804       0.136797    0    0.000000
    24     1   0.085373       0.136797   23    0.000000
    25     1   0.077572       0.136797   23    0.000000
    26     6  -0.283829      -0.157736    1    0.005355
    27     1   0.062919       0.046113    2    0.000000
    28     1   0.096263       0.046113    2    0.000000
    29     1   0.094630       0.046113    2    0.000000
    30     6   0.676892       0.676892   -1    0.001461
    31     8  -0.562781      -0.562781   -1    0.001749
    32     7  -0.598838      -0.598838   -1    0.001647
    33     1   0.329991       0.329991   -1    0.000000
    34     6   0.092348       0.092348   -1    0.007347
    35     6  -0.215092      -0.181961   10    0.004816
    36     1   0.084921       0.065477   11    0.000000
    37     1   0.025436       0.065477   11    0.000000
    38     1   0.102953       0.065477   11    0.000000
    39     6  -0.168822      -0.181961   10    0.004816
    40     1   0.053123       0.065477   11    0.000000
    41     1   0.085968       0.065477   11    0.000000
    42     1   0.050283       0.065477   11    0.000000
    43     6   0.685841       0.685841   -1    0.001443
    44     8  -0.570759      -0.570759   -1    0.001726
    45     7  -0.482237      -0.482237   -1    0.002030
    46     1   0.296592       0.296592   -1    0.000000
    47     6  -0.106548      -0.286978   22    0.003291
    48     1   0.087804       0.136797   23    0.000000
    49     1   0.085373       0.136797   23    0.000000
    50     1   0.077572       0.136797   23    0.000000
    51     6  -0.283829      -0.157736    1    0.005355
    52     1   0.062919       0.046113    2    0.000000
    53     1   0.096263       0.046113    2    0.000000
    54     1   0.094630       0.046113    2    0.000000
    55     6   0.676892       0.676892   -1    0.001461
    56     8  -0.562781      -0.562781   -1    0.001749
    57     7  -0.598838      -0.598838   -1    0.001647
    58     1   0.329991       0.329991   -1    0.000000
    59     6   0.092348       0.092348   -1    0.007347
    60     6  -0.215092      -0.181961   10    0.004816
    61     1   0.084921       0.065477   11    0.000000
    62     1   0.025436       0.065477   11    0.000000
    63     1   0.102953       0.065477   11    0.000000
    64     6  -0.168822      -0.181961   10    0.004816
    65     1   0.053123       0.065477   11    0.000000
    66     1   0.085968       0.065477   11    0.000000
    67     1   0.050283       0.065477   11    0.000000
    68     6   0.685841       0.685841   -1    0.001443
    69     8  -0.570759      -0.570759   -1    0.001726
    70     7  -0.482237      -0.482237   -1    0.002030
    71     1   0.296592       0.296592   -1    0.000000
    72     6  -0.106548      -0.286978   22    0.003291
    73     1   0.087804       0.136797   23    0.000000
    74     1   0.085373       0.136797   23    0.000000
    75     1   0.077572       0.136797   23    0.000000
    76     6  -0.283829      -0.157736    1    0.005355
    77     1   0.062919       0.046113    2    0.000000
    78     1   0.096263       0.046113    2    0.000000
    79     1   0.094630       0.046113    2    0.000000
    80     6   0.676892       0.676892   -1    0.001461
    81     8  -0.562781      -0.562781   -1    0.001749
    82     7  -0.598838      -0.598838   -1    0.001647
    83     1   0.329991       0.329991   -1    0.000000
    84     6   0.092348       0.092348   -1    0.007347
    85     6  -0.215092      -0.181961   10    0.004816
    86     1   0.084921       0.065477   11    0.000000
    87     1   0.025436       0.065477   11    0.000000
    88     1   0.102953       0.065477   11    0.000000
    89     6  -0.168822      -0.181961   10    0.004816
    90     1   0.053123       0.065477   11    0.000000
    91     1   0.085968       0.065477   11    0.000000
    92     1   0.050283       0.065477   11    0.000000
    93     6   0.685841       0.685841   -1    0.001443
    94     8  -0.570759      -0.570759   -1    0.001726
    95     7  -0.482237      -0.482237   -1    0.002030
    96     1   0.296592       0.296592   -1    0.000000
    97     6  -0.106548      -0.286978   22    0.003291
    98     1   0.087804       0.136797   23    0.000000
    99     1   0.085373       0.136797   23    0.000000
   100     1   0.077572       0.136797   23    0.000000

        Statistics of the fitting:
  The initial sum of squares (ssvpot)                      2.207
  The residual sum of squares (chipot)                     0.032
  The std err of estimate (sqrt(chipot/N))               0.00551
  ESP relative RMS (SQRT(chipot/ssvpot))                 0.11976
