 -0.157736  0.046113  0.046113  0.046113  0.676892 -0.562781 -0.598838  0.329991
  0.092348 -0.181961  0.065477  0.065477  0.065477 -0.181961  0.065477  0.065477
  0.065477  0.685841 -0.570759 -0.482237  0.296592 -0.286978  0.136797  0.136797
  0.136797 -0.157736  0.046113  0.046113  0.046113  0.676892 -0.562781 -0.598838
  0.329991  0.092348 -0.181961  0.065477  0.065477  0.065477 -0.181961  0.065477
  0.065477  0.065477  0.685841 -0.570759 -0.482237  0.296592 -0.286978  0.136797
  0.136797  0.136797 -0.157736  0.046113  0.046113  0.046113  0.676892 -0.562781
 -0.598838  0.329991  0.092348 -0.181961  0.065477  0.065477  0.065477 -0.181961
  0.065477  0.065477  0.065477  0.685841 -0.570759 -0.482237  0.296592 -0.286978
  0.136797  0.136797  0.136797 -0.157736  0.046113  0.046113  0.046113  0.676892
 -0.562781 -0.598838  0.329991  0.092348 -0.181961  0.065477  0.065477  0.065477
 -0.181961  0.065477  0.065477  0.065477  0.685841 -0.570759 -0.482237  0.296592
 -0.286978  0.136797  0.136797  0.136797
