 -0.283829  0.062919  0.096263  0.094630  0.676892 -0.562781 -0.598838  0.329991
  0.092348 -0.215092  0.084921  0.025436  0.102953 -0.168822  0.053123  0.085968
  0.050283  0.685841 -0.570759 -0.482237  0.296592 -0.106548  0.087804  0.085373
  0.077572 -0.283829  0.062919  0.096263  0.094630  0.676892 -0.562781 -0.598838
  0.329991  0.092348 -0.215092  0.084921  0.025436  0.102953 -0.168822  0.053123
  0.085968  0.050283  0.685841 -0.570759 -0.482237  0.296592 -0.106548  0.087804
  0.085373  0.077572 -0.283829  0.062919  0.096263  0.094630  0.676892 -0.562781
 -0.598838  0.329991  0.092348 -0.215092  0.084921  0.025436  0.102953 -0.168822
  0.053123  0.085968  0.050283  0.685841 -0.570759 -0.482237  0.296592 -0.106548
  0.087804  0.085373  0.077572 -0.283829  0.062919  0.096263  0.094630  0.676892
 -0.562781 -0.598838  0.329991  0.092348 -0.215092  0.084921  0.025436  0.102953
 -0.168822  0.053123  0.085968  0.050283  0.685841 -0.570759 -0.482237  0.296592
 -0.106548  0.087804  0.085373  0.077572
