 1046     6      2721047.8916918733    38429.8797005712
  -1.94322  -1.43914   1.85040    20.97576   -59.67318    80.64894
  -2.16289   1.43372   0.03175     2.87086    21.17751   -18.30665
  -3.45720  -0.02726   0.03175    10.41917   -22.60771    33.02688
  -3.45720  -1.03238   0.03175    11.43950   -36.66920    48.10870
  -2.60919  -1.90426  -1.01825    12.27911   -41.31299    53.59210
  -0.89322  -1.43914  -1.78690    12.14607   -38.20491    50.35098
  -1.45212  -1.60417   1.85528    26.53675   -65.73873    92.27547
  -2.25101  -2.18459   1.53443    18.84411   -41.01294    59.85705
  -1.14697  -2.54331   1.53443    27.48868   -27.54036    55.02904
  -2.95354  -2.15064   0.69443    14.95543   -38.22987    53.18530
  -2.25101  -2.98788   0.69443    18.37285   -28.58879    46.96164
  -1.17467  -3.17767   0.69443    22.36758   -23.79106    46.15863
  -0.22816  -2.63120   0.69443    28.19902    80.28729   -52.08826
  -2.95354  -2.15064  -0.34387    13.19652   -37.77769    50.97421
  -2.25101  -2.98788  -0.34387    16.13515   -29.47724    45.61240
  -1.17467  -3.17767  -0.34387    18.96208   -32.58181    51.54389
  -0.22816  -2.63120  -0.34387    21.07302   -96.03959   117.11261
  -2.25101  -2.18459  -1.18387    12.53199   -39.31099    51.84298
  -1.14697  -2.54331  -1.18387    15.69903   -45.59916    61.29820
  -1.95489  -0.06136   2.53139    19.04680   -21.05314    40.09993
  -0.96741  -0.06136   2.21054    23.34398   -68.67316    92.01714
  -1.64975   0.87779   2.21054    16.30081    -4.81393    21.11474
  -2.75378   0.51907   2.21054    16.05860    -3.54730    19.60589
  -2.75378  -0.64179   2.21054    17.17682   -24.12285    41.29967
  -1.64975  -1.00051   2.21054    22.98379   -52.32842    75.31221
  -1.67744   1.51214   1.37054    10.69276    53.70384   -43.01108
  -2.75378   1.32235   1.37054    11.75137    12.31862    -0.56725
  -3.45631   0.48511   1.37054    13.36344    -6.57561    19.93905
  -3.45631  -0.60783   1.37054    14.14218   -23.89046    38.03264
  -2.75378  -1.44507   1.37054    16.14143   -47.55094    63.69236
  -2.75378   1.32235   0.33224     6.89382    11.55178    -4.65796
  -3.45631   0.48511   0.33224     9.95544   -10.47022    20.42566
  -2.70918   1.11412  -0.37481     4.73832    31.83900   -27.10067
  -3.41171   0.27688  -0.37481     8.95833   -13.68780    22.64612
  -1.63285   1.30391  -1.41311   -13.31136  -208.08361   194.77225
  -2.70918   1.11412  -1.41311     2.88466    -4.47751     7.36217
  -3.41171   0.27688  -1.41311     8.67595    -7.64093    16.31688
  -3.41171  -0.81606  -1.41311    10.65197   -17.97475    28.62672
  -2.70918  -1.65331  -1.41311    11.24058   -30.84430    42.08488
  -0.92282  -0.26959  -2.25311    -1.60517   -22.80170    21.19653
  -1.60515   0.66955  -2.25311    -5.27045   -52.53628    47.26582
  -2.70918   0.31083  -2.25311     6.67670     5.44359     1.23311
  -2.70918  -0.85002  -2.25311    10.01693    -5.57690    15.59383
  -1.60515  -1.20874  -2.25311     9.03425    -9.51461    18.54886
  -1.91030  -0.26959  -2.57396     5.45431    31.11734   -25.66303
  -0.52500   0.90933   1.81865    15.43234  -113.66710   129.09944
  -0.25882   1.80014   1.05000    -1.81538  -104.52874   102.71336
   0.52500  -0.90933  -1.81865     9.26581   -76.57066    85.83647
  -0.19160   2.50653   0.25256   -21.48342    35.05578   -56.53920
  -1.04030   1.88991   0.25256   -10.44239   -46.88504    36.44265
   2.03034   1.87220  -0.72744   -34.43772  -287.20261   252.76489
   1.31293   2.58961  -0.72744   -34.36807  -160.70412   126.33606
   0.33293   2.85220  -0.72744   -32.58531  -377.02422   344.43891
  -0.64707   2.58961  -0.72744   -29.73830   -39.43434     9.69604
  -1.36448   1.87220  -0.72744   -20.95129   -23.90851     2.95722
   2.03034   0.89220  -1.70744   -29.04553   -94.56790    65.52237
   1.70616   1.88991  -1.70744   -37.19249  -307.78527   270.59278
   0.85746   2.50653  -1.70744   -36.94023  -177.98217   141.04194
  -0.19160   2.50653  -1.70744   -35.46935   -95.90632    60.43698
  -1.04030   1.88991  -1.70744   -30.65572    -3.94864   -26.70708
   1.31293   0.89220  -2.42485   -29.71634  -243.65932   213.94298
   0.82293   1.74090  -2.42485   -34.98491   -58.38969    23.40478
  -0.15707   1.74090  -2.42485   -34.33857    23.87196   -58.21054
  -0.64707   0.89220  -2.42485   -26.54679     3.77336   -30.32015
  -0.15707   0.04349  -2.42485   -17.41904    56.88634   -74.30538
   0.82293   0.04349  -2.42485   -19.30156  -108.30142    88.99985
   0.33293   0.89220  -2.68744   -29.43773   224.19083  -253.62856
   1.12272  -2.70517   0.84675    17.45857     8.44578     9.01279
   0.61077  -2.42062  -0.20325    16.36419  -532.60991   548.97411
   0.47472  -1.26150   3.17826    29.52558    40.12207   -10.59649
  -0.32417  -0.68107   2.85741    26.46082    23.47899     2.98183
  -0.32417  -1.84192   2.85741    31.84799    30.58838     1.25961
   0.77987  -2.20064   2.85741    29.64292    50.10889   -20.46597
  -1.02670  -1.80797   2.01741    32.71772   -34.82900    67.54672
  -0.32417  -2.64521   2.01741    32.26403    38.53016    -6.26613
   0.75217  -2.83500   2.01741    27.94363    67.64441   -39.70078
  -0.32417  -2.64521   0.97912    30.70969    41.87564   -11.16595
   0.75217  -2.83500   0.97912    21.91012   192.75791  -170.84778
   3.34165  -0.15183   4.02027     5.06902    14.76725    -9.69822
   2.55783  -2.86130   3.25161    10.22464    37.23366   -27.00902
   3.57214  -2.71546   3.25161     7.00238    22.87267   -15.87029
   2.22353  -1.11760   4.79020    11.09876    28.87811   -17.77935
   3.21101  -1.11760   4.46934     7.03815    22.17122   -15.13307
   2.52868  -0.17845   4.46934     8.00890    25.44341   -17.43450
   1.42464  -0.53717   4.46934    13.85164    34.00095   -20.14930
   1.42464  -1.69803   4.46934    15.17506    33.98332   -18.80826
   2.52868  -2.05675   4.46934    10.37336    30.50694   -20.13358
   0.72212  -0.57113   3.62934    19.96861    43.43514   -23.46653
   0.72212  -1.66407   3.62934    22.62611    37.58724   -14.96113
   1.42464  -2.50131   3.62934    16.33219    42.32073   -25.98854
   2.50098  -2.69110   3.62934    10.25225    37.33724   -27.08499
   3.19802  -2.99351   3.13178     8.37411    28.10374   -19.72963
   2.09399  -3.43807   2.29178    13.92946    33.44646   -19.51700
   3.17032  -3.62786   2.29178    10.14871    31.39839   -21.24968
   4.11684  -3.08139   2.29178     6.10567    22.70366   -16.59799
   4.49065  -2.05436   1.25349     0.26606     6.87731    -6.61125
   2.09399  -3.43807   1.25349    14.53877    39.50355   -24.96478
   3.17032  -3.62786   1.25349    10.20770    43.80387   -33.59618
   4.11684  -3.08139   1.25349     4.97427    36.75390   -31.77963
   2.09399  -2.63479   0.41349    12.04379    -7.70420    19.74799
   3.19802  -2.99351   0.41349     4.41955    51.36517   -46.94562
   3.81021  -0.72526   4.14813     5.34262    12.70978    -7.36717
   4.79769  -0.72526   3.82728     5.12613    -0.76443     5.89056
   4.11536   0.21389   3.82728     3.95394     0.77182     3.18211
   4.11536  -1.66441   3.82728     5.82392    12.29235    -6.46844
   5.40798  -0.72526   2.98728     2.78489   -21.01789    23.80278
   5.03417   0.30177   2.98728     0.07781   -25.66885    25.74666
   5.03417  -1.75229   2.98728     4.14407    -4.59332     8.73739
   5.40798  -0.72526   1.94898    -3.63328   -79.44811    75.81483
   5.03417   0.30177   1.94898   -13.27559   -91.50918    78.23359
   5.03417  -1.75229   1.94898     0.84902   -25.81167    26.66069
   4.79769  -0.72526   1.10898    -9.64545  -244.99211   235.34666
   1.79554   3.10943   2.90540    -3.94515   -26.99896    23.05381
   2.30749   3.39397   1.85540    -8.46510  -107.89195    99.42685
   0.01538   1.81185   1.85540     1.44453 -1335.72645  1337.17098
   3.02642   1.67202   3.83663    -0.38529     6.76533    -7.15062
   4.01390   1.67202   3.51578    -0.40851    -8.92370     8.51519
   3.33157   2.61117   3.51578    -1.93838    -6.97821     5.03984
   3.33157   0.73287   3.51578     2.87964     4.69196    -1.81232
   4.62419   1.67202   2.67578    -7.09023   -30.52466    23.43443
   4.25039   2.69905   2.67578    -6.38679   -31.54420    25.15741
   3.30387   3.24552   2.67578    -5.74108   -42.23316    36.49208
   4.25039   2.69905   1.63748   -19.29654   -23.04181     3.74526
   3.30387   3.24552   1.63748   -13.41490   -80.91511    67.50022
   3.33157   2.61117   0.79748   -29.47726  -516.66854   487.19128
   1.90249   3.59456   1.68425    -7.41277  -120.97760   113.56483
   0.82616   3.40477   1.68425    -4.68750   -30.44615    25.75866
   0.12363   2.56753   1.68425    -3.12688  -299.37750   296.25062
   2.84901   3.04808   0.64595   -20.23153  -552.59770   532.36616
   1.90249   3.59456   0.64595   -11.14457  -201.96378   190.81922
   0.82616   3.40477   0.64595    -9.55195   -68.45651    58.90456
   0.12363   2.56753   0.64595   -13.60629   -22.52701     8.92072
   1.93019   2.96020  -0.19405   -20.23153  -277.84408   257.61255
   1.41667   1.23900   4.41195     6.49347    47.46471   -40.97124
   2.40415   1.23900   4.09109     2.11345    19.80262   -17.68916
   1.72182   2.17814   4.09109     1.51732    17.38974   -15.87242
   0.61778   1.81942   4.09109     6.26129    42.13987   -35.87858
   0.61778   0.65857   4.09109    11.45958    53.28043   -41.82085
   1.72182   0.29985   4.09109    10.36457    46.45424   -36.08967
   0.61778   2.62271   3.25109     0.96699    25.08505   -24.11806
  -0.08475   1.78547   3.25109     6.42758   161.80972  -155.38214
  -0.08475   0.69253   3.25109    12.78927    18.16519    -5.37592
   0.61778  -0.14472   3.25109    19.02860    51.68991   -32.66132
  -0.08475   1.78547   2.21280     3.19089  -526.05845   529.24933
  -0.08475   0.69253   2.21280    11.89068   -87.99868    99.88936
   4.99185  -0.97592   0.00000   -15.34951 -1051.37525  1036.02574
   5.02396   0.78140   1.69741   -27.15422  -109.35064    82.19642
   5.74137   0.78140   0.98000   -34.71571  -104.74908    70.03337
   5.41720   1.77911   0.98000   -38.73491  -174.46251   135.72761
   4.56849   2.39573   0.98000   -38.56673   -69.24351    30.67677
   5.41720  -0.21632   0.98000   -25.12799  -317.59309   292.46510
   6.00396   0.78140   0.00000   -37.50436  -230.92291   193.41855
   5.74137   1.76140   0.00000   -40.80883  -143.30641   102.49759
   5.02396   2.47881   0.00000   -41.74946 -2420.02398  2378.27452
   4.04396   2.74140   0.00000   -40.61304   219.15125  -259.76429
   3.06396   2.47881   0.00000   -35.06084  -504.98168   469.92084
   5.02396  -0.91601   0.00000   -16.63967 -1204.85978  1188.22011
   5.74137  -0.19860   0.00000   -29.78286  -760.19850   730.41564
   5.74137   0.78140  -0.98000   -37.01992   -76.10694    39.08701
   5.41720   1.77911  -0.98000   -41.40496  -155.65027   114.24531
   4.56849   2.39573  -0.98000   -41.48403  -134.23469    92.75066
   3.51943   2.39573  -0.98000   -38.85853    -2.65872   -36.19980
   4.53396   1.63010  -1.69741   -37.86769   -27.88154    -9.98615
   3.55396   1.63010  -1.69741   -32.53888  -124.56654    92.02766
   2.70958  -2.73082   0.08691     3.78890    37.27237   -33.48347
   3.72390  -2.58498   0.08691    -7.67507    51.94390   -59.61897
   4.49835  -1.91391   0.08691   -10.24033   348.99850  -359.23883
   3.22153  -3.01537  -0.96310     0.25540    60.81742   -60.56202
   4.16134  -2.65894  -0.96310    -6.37863    36.18916   -42.56779
   1.77744   0.44377  -2.01309   -24.93723  -122.38255    97.44532
   1.29353  -2.77838  -0.48492    19.63163  -160.54961   180.18124
   2.36987  -2.96817  -0.48492    10.05207    72.09596   -62.04389
   0.59100  -1.94114  -1.52322    23.64519   186.32620  -162.68101
   1.29353  -2.77838  -1.52322    22.54579    93.45300   -70.90721
   2.36987  -2.96817  -1.52322    15.43360    41.02534   -25.59174
   1.29353  -0.81424  -2.36322     4.78852    53.88922   -49.10070
   1.29353  -1.97509  -2.36322    19.47225    57.79545   -38.32320
   4.51852  -2.53376  -1.12181    -4.44151    26.95614   -31.39765
   4.95596   0.84881  -2.17181   -20.92054    18.14945   -39.06999
   2.01804  -1.39183  -3.22181     7.36194    52.23214   -44.87020
   5.29297  -1.86269  -3.22181     2.88466    21.41551   -18.53085
   4.81302  -0.87946  -3.99046     2.70959    27.97139   -25.26181
   3.76302  -0.87946  -4.27181     2.95306    39.49002   -36.53696
   4.72393   0.99729  -2.27362   -20.63753    35.19901   -55.83654
   3.77742   1.54376  -2.27362   -20.98768   -10.07057   -10.91712
   2.70108   1.35397  -2.27362   -18.14506   151.60884  -169.75390
   1.99855   0.51673  -2.27362   -18.32390   -70.28895    51.96505
   4.72393   0.99729  -3.31191    -7.40900    31.23420   -38.64321
   3.77742   1.54376  -3.31191    -8.37223    13.50510   -21.87733
   2.70108   1.35397  -3.31191    -8.63641   -10.50003     1.86362
   1.99855   0.51673  -3.31191    -7.75225    13.70757   -21.45982
   1.99855  -0.57621  -3.31191     0.07593    22.53322   -22.45729
   4.48745  -0.02974  -4.15192     0.40851    33.63106   -33.22256
   3.80512   0.90941  -4.15192    -2.00615    28.55959   -30.56574
   2.70108   0.55069  -4.15192    -1.90951   141.03518  -142.94469
   2.70108  -0.61017  -4.15192     0.88102    52.54082   -51.65980
   3.49997  -0.02974  -4.47277     0.68148    43.86367   -43.18219
   5.79691  -0.80609  -0.55666   -13.11307  -295.23216   282.11910
   5.11458  -1.74523  -0.55666    -6.95908    26.92658   -33.88566
   6.40721  -0.80609  -1.39666    -4.93599   -53.38054    48.44455
   6.03340   0.22095  -1.39666   -17.21070   -28.42980    11.21909
   5.08689  -2.37959  -1.39666    -1.86182     9.94990   -11.81172
   6.03340  -1.83312  -1.39666    -1.18474   -21.42060    20.23587
   6.40721  -0.80609  -2.43495    -0.99586    -3.66079     2.66493
   6.03340   0.22095  -2.43495    -7.37637    -0.79978    -6.57660
   5.08689   0.76742  -2.43495   -15.19891    18.41244   -33.61135
   6.03340  -1.83312  -2.43495     1.08183     4.36723    -3.28540
   5.79691  -0.80609  -3.27496     0.62814    14.35599   -13.72785
   2.80203  -3.17506  -2.21291    11.82165    43.89957   -32.07792
   3.87837  -3.36485  -2.21291     6.16779    38.17071   -32.00292
   4.82488  -2.81838  -2.21291     1.87374    24.54748   -22.67374
   2.09950  -2.33782  -3.25120    11.33533    47.76698   -36.43165
   2.80203  -3.17506  -3.25120    10.79442    39.40420   -28.60979
   3.87837  -3.36485  -3.25120     8.16704    35.08876   -26.92173
   4.82488  -2.81838  -3.25120     4.75276    28.44364   -23.69088
   4.58840  -1.79135  -4.09120     4.62035    30.54918   -25.92882
   2.80203  -1.21092  -4.09120     3.14947    43.77087   -40.62140
   2.80203  -2.37178  -4.09120     7.85893    38.73814   -30.87921
   3.90606  -2.73050  -4.09120     7.37951    34.08962   -26.71011
   3.60092  -1.79135  -4.41206     5.20143    36.34415   -31.14272
  -3.52633  -1.54503   0.56580    11.60391   -32.21270    43.81660
  -1.93888   1.75135  -0.50230    -6.53300    22.11957   -28.65257
  -3.52633  -1.54503  -0.50230    10.22715   -29.68429    39.91144
  -0.63874  -2.23665  -1.46463    15.28299   -35.03912    50.32211
  -0.89756  -1.43163  -2.13058     9.17607   -25.59874    34.77481
  -1.93212  -2.43555   1.83805    19.65109   -28.96594    48.61703
  -2.79733  -2.58152   1.13528    15.03764   -28.58571    43.62335
  -1.96595  -3.18555   1.13528    17.96999   -21.11618    39.08616
  -0.93830  -3.18555   1.13528    22.45041    -7.49859    29.94900
  -3.11489  -2.56416   0.17528    12.94991   -28.47530    41.42521
  -2.41212  -3.26693   0.17528    15.06901   -22.77803    37.84705
  -1.45212  -3.52417   0.17528    17.37511   -19.49252    36.86763
  -0.49212  -3.26693   0.17528    19.78914   -21.34949    41.13863
  -2.79733  -2.58152  -0.78472    11.95155   -28.25768    40.20923
  -1.96595  -3.18555  -0.78472    14.02672   -23.88342    37.91014
  -0.93830  -3.18555  -0.78472    16.19477   -22.52670    38.72147
  -0.10691  -2.58152  -0.78472    19.04052    14.78123     4.25929
  -1.93212  -2.43555  -1.48749    11.65913   -29.93116    41.59029
  -0.97212  -2.43555  -1.48749    13.95079   -32.55687    46.50766
  -1.95489  -0.06136   2.77139    16.87938   -13.33156    30.21094
  -0.99489  -0.06136   2.51416    20.64444   -37.98405    58.62848
  -1.47489   0.77003   2.51416    14.89896    -3.96782    18.86678
  -2.43489   0.77003   2.51416    13.69790     4.04602     9.65189
  -2.91489  -0.06136   2.51416    14.54379    -9.44927    23.99306
  -2.43489  -0.89274   2.51416    16.74384   -23.59049    40.33433
  -1.47489  -0.89274   2.51416    22.41213   -35.47360    57.88573
  -1.44107   1.52003   1.81139    10.16440    20.15281    -9.98841
  -2.46872   1.52003   1.81139    10.17758    20.95302   -10.77544
  -3.30010   0.91599   1.81139    11.50225     2.67797     8.82428
  -3.61766  -0.06136   1.81139    12.55709   -10.80536    23.36246
  -3.30010  -1.03871   1.81139    13.71171   -24.10881    37.82052
  -1.95489   1.85864   0.85139     4.17545    38.24561   -34.07016
  -2.91489   1.60141   0.85139     6.97602    14.18798    -7.21195
  -3.61766   0.89864   0.85139     9.12085    -1.31674    10.43759
  -3.87489  -0.06136   0.85139    10.49886   -14.46988    24.96874
  -1.91030   1.65041  -0.89396    -8.85039    17.05425   -25.90464
  -2.87030   1.39318  -0.89396     1.59387    18.46689   -16.87302
  -3.57307   0.69041  -0.89396     6.13391    -3.23230     9.36621
  -3.83030  -0.26959  -0.89396     8.41365   -14.66774    23.08139
  -3.57307  -1.22959  -0.89396     9.77221   -24.88330    34.65551
  -2.42412   1.31179  -1.85396    -2.14985   -25.13991    22.99006
  -3.25551   0.70776  -1.85396     4.86822    -3.84997     8.71818
  -3.57307  -0.26959  -1.85396     7.90348    -7.60844    15.51192
  -3.25551  -1.24695  -1.85396     9.12524   -14.43863    23.56387
  -2.42412  -1.85098  -1.85396     9.80672   -21.43668    31.24340
  -0.95030  -0.26959  -2.55673    -2.57216    -3.67310     1.10094
  -1.43030   0.56179  -2.55673    -7.03564    -6.94391    -0.09173
  -2.39030   0.56179  -2.55673     1.58634    10.78553    -9.19919
  -2.87030  -0.26959  -2.55673     6.51794     3.92719     2.59075
  -2.39030  -1.10098  -2.55673     7.71146    -3.31082    11.02228
  -1.43030  -1.10098  -2.55673     6.26317    -5.29829    11.56146
  -1.91030  -0.26959  -2.81396     3.26242    20.22637   -16.96395
  -0.52066   0.90181   2.16232    12.99949   -78.16347    91.16296
  -0.26704   1.85730   1.49638     1.19101  -370.16838   371.35940
  -1.45886   1.82935   0.53405    -0.48569    16.75899   -17.24469
   0.52066  -0.90181  -2.16232     4.56639   -18.54756    23.11395
  -0.20825   2.55779   0.66918   -12.75790   200.70314  -213.46104
   0.59616   3.06011  -0.22899   -23.19212  -596.22970   573.03757
  -0.44147   2.93412  -0.22899   -21.44074  -169.11943   147.67869
  -1.30170   2.34035  -0.22899   -15.24283     0.95641   -16.19925
   2.26663   1.90708  -1.22588   -32.35690 -1061.71075  1029.35385
   1.57349   2.68946  -1.22588   -31.21483  -142.97303   111.75820
   0.59616   3.06011  -1.22588   -28.91501  -319.99052   291.07551
  -0.44147   2.93412  -1.22588   -26.65974   -90.09123    63.43149
  -1.30170   2.34035  -1.22588   -21.88753     1.63851   -23.52604
   1.74977   1.92159  -2.12405   -30.15246  -156.16960   126.01714
   0.87411   2.55779  -2.12405   -30.40033   -24.88306    -5.51727
  -0.20825   2.55779  -2.12405   -28.71358   -53.49285    24.77927
  -1.08390   1.92159  -2.12405   -24.06060    40.94169   -65.00229
   1.30483   0.89220  -2.74561   -23.01579   -40.28887    17.27307
   0.81888   1.73389  -2.74561   -27.77294    78.51797  -106.29091
  -0.15302   1.73389  -2.74561   -26.73504    50.34128   -77.07633
  -0.63897   0.89220  -2.74561   -20.26354    23.79290   -44.05644
  -0.15302   0.05051  -2.74561   -13.71359    34.41037   -48.12397
   0.81888   0.05051  -2.74561   -14.96861   -34.13275    19.16414
   0.33293   0.89220  -2.96744   -22.71271   280.69059  -303.40330
   0.34893  -2.90164   0.31270    19.04303   -48.25799    67.30103
   1.39025  -2.90164   0.31270    14.16979  -108.70333   122.87312
  -0.00528  -0.43011   3.16103    21.27132    87.15308   -65.88177
  -0.48528  -1.26150   3.16103    25.36582    19.32521     6.04061
  -0.00528  -2.09288   3.16103    26.49973    35.04466    -8.54493
  -1.18805  -1.26150   2.45826    26.50788   -31.06114    57.56902
  -0.87049  -2.23885   2.45826    27.79428     5.23440    22.55988
  -0.03911  -2.84288   2.45826    26.60954    41.09551   -14.48597
   0.98854  -2.84288   2.45826    23.28311    48.83392   -25.55081
  -0.48528  -2.92427   1.49826    27.23328    22.45541     4.77788
   0.47472  -3.18150   1.49826    23.26993    68.58287   -45.31294
   3.85797  -1.06116   4.36394     4.98054    13.30995    -8.32941
   3.33731  -0.15935   4.36394     4.59776    14.74981   -10.15205
   2.54961  -2.91845   3.69799     9.37687    32.20647   -22.82959
   3.59613  -2.76799   3.69799     6.21172    20.69699   -14.48527
   1.35779  -2.89051   2.73566    18.20342    42.11376   -23.91034
   4.92476  -2.07637   1.66756    -0.02636   -11.08127    11.05492
   2.22353  -1.11760   5.03019     9.41264    25.27053   -15.85788
   3.18353  -1.11760   4.77296     6.45958    19.83752   -13.37793
   2.70353  -0.28622   4.77296     6.69678    21.59374   -14.89696
   1.74353  -0.28622   4.77296    10.01254    30.22486   -20.21232
   1.26353  -1.11760   4.77296    12.88089    29.60521   -16.72433
   1.74353  -1.94898   4.77296    11.68862    28.71572   -17.02710
   2.70353  -1.94898   4.77296     8.51719    24.82687   -16.30968
   2.73736   0.46379   4.07020     4.37751    17.82307   -13.44556
   0.87832  -0.14025   4.07020    14.38879    36.15404   -21.76524
   0.56076  -1.11760   4.07020    17.82252    33.87025   -16.04773
   0.87832  -2.09495   4.07020    16.81223    33.19335   -16.38112
   1.70971  -2.69899   4.07020    12.48116    33.51047   -21.02931
   2.73736  -2.69899   4.07020     8.63077    28.75391   -20.12314
   1.26353  -2.78037   3.11019    17.71208    41.87685   -24.16476
   1.54766  -3.03171   2.73264    16.10817    39.39980   -23.29163
   2.37905  -3.63575   2.73264    10.93435    30.53099   -19.59663
   3.40670  -3.63575   2.73264     7.83383    25.70459   -17.87076
   4.23808  -3.03171   2.73264     4.98368    17.28210   -12.29842
   1.23010  -3.01436   1.77263    21.16276    48.94418   -27.78142
   1.93287  -3.71713   1.77263    13.60252    34.38279   -20.78027
   2.89287  -3.97436   1.77263     9.97677    33.98329   -24.00652
   3.85287  -3.71713   1.77263     6.74949    29.90894   -23.15945
   4.55564  -3.01436   1.77263     3.28125    19.80381   -16.52256
   4.55564  -2.05436   0.81264    -2.84262    42.57960   -45.42222
   1.54766  -3.03171   0.81264    15.21334    11.06415     4.14919
   2.37905  -3.63575   0.81264    11.24811    61.24142   -49.99331
   3.40670  -3.63575   0.81264     6.79216    45.20573   -38.41357
   4.23808  -3.03171   0.81264     1.74071    41.88104   -40.14033
   3.81021  -0.72526   4.38813     4.69754    12.32167    -7.62413
   4.77021  -0.72526   4.13090     3.80271     1.19228     2.61043
   4.29021   0.10612   4.13090     3.06601     1.30920     1.75681
   4.29021  -1.55664   4.13090     4.78162     9.89717    -5.11555
   5.47298  -0.72526   3.42813     2.06827   -12.11537    14.18364
   5.15542   0.25209   3.42813     0.31815   -15.70252    16.02066
   4.32403   0.85613   3.42813     0.62751   -10.53621    11.16372
   5.15542  -1.70261   3.42813     3.43938    -1.85506     5.29444
   5.73021  -0.72526   2.46813    -2.00489   -40.30754    38.30265
   5.47298   0.23474   2.46813    -6.49723   -47.26148    40.76424
   5.47298  -1.68526   2.46813     0.89357   -19.70169    20.59526
   5.47298  -0.72526   1.50813    -9.21121  -135.79883   126.58762
   5.15542  -1.70261   1.50813    -2.19503   -44.11265    41.91763
   2.57502   2.21110   4.01772    -1.11948     8.21037    -9.32985
   1.78732   3.16658   3.35177    -2.95494    -9.63201     6.67707
   2.57502   3.59045   2.38945    -7.23581   -61.80835    54.57254
   1.53370   3.59045   2.38945    -5.23531   -56.80536    51.57005
   0.59550   3.13864   2.38945    -3.15073   -29.51162    26.36089
   3.02642   1.67202   4.07663    -0.21524     6.88188    -7.09711
   3.98642   1.67202   3.81940    -0.75740    -5.94293     5.18553
   3.50642   2.50341   3.81940    -1.93210    -6.38021     4.44811
   3.50642   0.84064   3.81940     1.80472     3.96083    -2.15611
   4.68919   1.67202   3.11663    -4.67997   -21.32872    16.64875
   4.37163   2.64937   3.11663    -5.16817   -22.43756    17.26939
   3.54024   3.25341   3.11663    -4.79731   -26.29541    21.49810
   4.94642   1.67202   2.15663   -17.01241   -49.14633    32.13392
   4.68919   2.63202   2.15663   -13.80082   -31.23322    17.43240
   3.98642   3.33479   2.15663   -10.70280   -46.87929    36.17649
   3.02642   3.59202   2.15663    -8.94954   -59.38667    50.43713
   4.37163   2.64937   1.19663   -28.96960     4.73221   -33.70181
   3.54024   3.25341   1.19663   -18.90686  -106.81230    87.90544
   1.11122   3.60244   2.12510    -4.91716   -44.83936    39.92220
   0.27984   2.99841   2.12510    -3.00389   -47.28117    44.27728
   2.58504   3.68382   1.16510   -12.52634  -116.91886   104.39252
   1.62504   3.94106   1.16510    -8.52095  -133.60688   125.08593
   0.66504   3.68382   1.16510    -7.05258   154.15214  -161.20472
  -0.03772   2.98106   1.16510    -6.80032   977.66752  -984.46784
   2.97025   2.99841   0.20510   -25.18258  -433.58287   408.40029
   2.13887   3.60244   0.20510   -15.31249  -350.73609   335.42360
   1.11122   3.60244   0.20510   -13.37725   896.12023  -909.49747
   0.27984   2.99841   0.20510   -18.06976  -933.97311   915.90335
   2.10504   2.85244  -0.49767   -24.41639  -296.25975   271.84335
   1.41667   1.23900   4.65195     5.61935    38.48513   -32.86579
   2.37667   1.23900   4.39471     2.56149    20.24250   -17.68101
   1.89667   2.07038   4.39471     1.44641    17.09493   -15.64852
   0.93667   2.07038   4.39471     3.87236    29.97238   -26.10002
   0.45667   1.23900   4.39471     7.76857    43.05346   -35.28489
   0.93667   0.40761   4.39471    10.40725    54.41367   -44.00642
   1.89667   0.40761   4.39471     7.79116    38.13268   -30.34153
   0.90284   2.82038   3.69195     0.46122    17.46709   -17.00587
   0.07146   2.21635   3.69195     4.16039    82.24830   -78.08791
  -0.24610   1.23900   3.69195     8.92821    57.45268   -48.52447
   0.07146   0.26165   3.69195    13.82403    30.60410   -16.78007
   0.45667   2.90176   2.73195    -1.52548    -6.20314     4.67767
  -0.24610   2.19900   2.73195     2.77987   661.62582  -658.84595
  -0.50333   1.23900   2.73195     9.31475    31.25017   -21.93542
   5.01586   0.78140   2.01817   -17.76228   -76.50903    58.74674
   5.79527   0.78140   1.39662   -25.91363   -66.32870    40.41507
   5.46080   1.81079   1.39662   -29.42141   -96.81871    67.39730
   5.46080  -0.24799   1.39662   -16.99923  -176.95400   159.95477
   6.22780   0.78140   0.49845   -29.34234   -57.50266    28.16032
   5.97766   1.79628   0.49845   -32.45918  -205.21002   172.75084
   5.28452   2.57866   0.49845   -33.50650  -366.43091   332.92441
   4.30719   2.94931   0.49845   -32.65748    71.98069  -104.63817
   5.28452  -1.01587   0.49845   -14.20117  -388.74500   374.54384
   5.97766  -0.23348   0.49845   -23.33708  -444.35358   421.01650
   6.22780   0.78140  -0.49845   -29.97550   -48.14057    18.16507
   5.97766   1.79628  -0.49845   -33.46257  -155.29884   121.83626
   5.28452   2.57866  -0.49845   -34.59146  -373.25334   338.66188
   4.30719   2.94931  -0.49845   -34.21872    94.84463  -129.06335
   3.26956   2.82332  -0.49845   -32.26842   -89.91684    57.64842
   5.97766  -0.23348  -0.49845   -22.28537  -434.88729   412.60192
   5.79527   0.78140  -1.39662   -27.61983   -30.87341     3.25358
   5.46080   1.81079  -1.39662   -32.94425   -79.11352    46.16927
   4.58515   2.44698  -1.39662   -33.62886   -68.23286    34.60400
   3.50278   2.44698  -1.39662   -32.18245   117.89242  -150.07487
   4.52991   1.62309  -2.01817   -28.97964    -5.76647   -23.21317
   4.54693  -1.94513   0.53328    -5.43737   108.82591  -114.26328
   2.44774  -3.21184  -0.42905     8.58558   100.30980   -91.72422
   3.48907  -3.21184  -0.42905    -0.91303    48.99441   -49.90744
   4.42726  -2.76003  -0.42905    -5.85717    56.08618   -61.94335
   1.16802  -0.40204  -2.45947    -6.26003   -53.32646    47.06643
   1.57859  -2.97605  -0.04407    14.69251    13.98498     0.70753
   0.42965  -2.35467  -1.00407    21.10691   520.63771  -499.53080
   1.13242  -3.05744  -1.00407    18.65397    69.16136   -50.50739
   2.09242  -3.31467  -1.00407    13.31638    53.76010   -40.44372
   0.42965  -1.39467  -1.96407    14.40009    12.07426     2.32583
   0.74721  -2.37202  -1.96407    18.78450    93.89306   -75.10856
   1.57859  -2.97605  -1.96407    17.53889    52.56602   -35.02713
   1.13242  -1.39467  -2.66684    10.25100    83.81594   -73.56495
   1.61242  -2.22605  -2.66684    15.75865    58.57620   -42.81756
   5.22188  -2.70881  -1.63776    -0.87726    14.91122   -15.78848
   5.22188   0.94990  -2.70586   -13.27371    15.29744   -28.57115
   5.63942  -0.87946  -3.66819     0.39721    17.56273   -17.16551
   5.34154   0.13500  -3.66819    -2.93612    22.21823   -25.15435
   1.96263  -1.40810  -3.66819     4.48544    44.33991   -39.85448
   5.34154  -1.89391  -3.66819     2.30108    21.40977   -19.10870
   4.80434  -0.87946  -4.33414     1.44076    26.22891   -24.78815
   2.72170  -0.87946  -4.33414     1.26192    44.06872   -42.80680
   3.76302  -0.87946  -4.57181     1.79530    35.31380   -33.51850
   2.98614   1.55165  -1.83277   -24.84749  -197.85852   173.01103
   4.45997   1.63303  -2.79277   -15.38402    11.11251   -26.49654
   3.49997   1.89026  -2.79277   -15.16565    39.62178   -54.78743
   2.53997   1.63303  -2.79277   -15.79943    23.76694   -39.56637
   1.83720   0.93026  -2.79277   -17.37135   -35.08384    17.71250
   1.57997  -0.02974  -2.79277    -9.34738   -60.83583    51.48845
   4.84518   0.94761  -3.75277    -5.60680    24.11096   -29.71776
   4.01379   1.55165  -3.75277    -7.04066    16.73140   -23.77205
   2.98614   1.55165  -3.75277    -7.49309    18.89618   -26.38927
   2.15476   0.94761  -3.75277    -7.47113    41.83118   -49.30230
   1.83720  -0.02974  -3.75277    -3.87424    41.51882   -45.39307
   4.45997  -0.02974  -4.45554    -0.38655    29.59648   -29.98303
   3.97997   0.80165  -4.45554    -2.44164    27.74633   -30.18797
   3.01997   0.80165  -4.45554    -2.78802    48.34366   -51.13169
   2.53997  -0.02974  -4.45554    -1.23996    60.55742   -61.79738
   3.01997  -0.86112  -4.45554     1.41503    42.18036   -40.76533
   3.49997  -0.02974  -4.71277    -0.22904    38.50493   -38.73397
   5.76943  -0.80609  -0.25304   -15.96949  -381.84803   365.87854
   5.28944  -1.63747  -0.25304    -8.27560    12.88072   -21.15632
   6.47220  -0.80609  -0.95581    -8.52221   -82.67366    74.15145
   6.15464   0.17127  -0.95581   -21.30834   -15.63917    -5.66917
   5.32326  -2.38747  -0.95581    -3.32894    14.82761   -18.15655
   6.15464  -1.78344  -0.95581    -3.74184   -33.83821    30.09637
   6.72943  -0.80609  -1.91581    -3.91440   -15.48157    11.56716
   6.47220   0.15392  -1.91581    -9.94289    -6.50090    -3.44199
   5.76943   0.85668  -1.91581   -19.91715   -13.99693    -5.92022
   5.76943  -2.46885  -1.91581    -0.34450     6.39810    -6.74260
   6.47220  -1.76608  -1.91581    -1.10253    -7.13638     6.03384
   6.47220  -0.80609  -2.87581    -1.60580     3.85825    -5.46405
   6.15464   0.17127  -2.87581    -5.74673     6.00774   -11.75447
   6.15464  -1.78344  -2.87581     0.46749     8.53166    -8.06416
   5.76943  -0.80609  -3.57858    -0.04769    15.83783   -15.88552
   3.08709  -3.37274  -1.77206     7.76606    47.06936   -39.30330
   4.11474  -3.37274  -1.77206     2.90349    35.08266   -32.17918
   1.93815  -2.75135  -2.73205    13.82592    42.29106   -28.46515
   2.64092  -3.45412  -2.73205    10.20644    38.17725   -27.97080
   3.60092  -3.71135  -2.73205     7.10843    34.32875   -27.22033
   4.56092  -3.45412  -2.73205     4.27397    28.21993   -23.94596
   5.26368  -2.75135  -2.73205     1.84864    20.45463   -18.60599
   1.93815  -1.79135  -3.69206     6.31024    46.39821   -40.08797
   2.25571  -2.76870  -3.69206     8.67218    38.02959   -29.35741
   3.08709  -3.37274  -3.69206     8.02647    33.62635   -25.59988
   4.11474  -3.37274  -3.69206     6.12638    29.79657   -23.67019
   4.94612  -2.76870  -3.69206     3.84789    25.31664   -21.46875
   4.56092  -1.79135  -4.39482     3.41616    27.99872   -24.58255
   2.64092  -1.79135  -4.39482     4.35554    36.79120   -32.43566
   3.12092  -2.62274  -4.39482     6.23054    33.00997   -26.77943
   4.08092  -2.62274  -4.39482     5.20268    29.57030   -24.36762
   3.60092  -1.79135  -4.65205     3.88428    32.65295   -28.76866
  -2.66848  -1.97269   1.94094    15.30433   -28.70832    44.01265
  -3.66567  -1.61213   1.06499    11.35227   -25.38192    36.73420
  -2.45147   1.96466   0.03175    -0.20269    19.08694   -19.28962
  -3.91270   0.50343   0.03175     7.25024    -7.43927    14.68952
  -4.11822  -0.52982   0.03175     8.52158   -17.42919    25.95077
  -3.91270  -1.56306   0.03175     9.60843   -23.77032    33.37875
  -1.97330   1.90211  -1.00150    -9.72451     3.64013   -13.36465
  -3.66567  -1.61213  -1.00150     9.04492   -21.56126    30.60618
  -1.68993  -2.41957  -1.87744    10.38716   -20.00923    30.39640
  -0.62512  -2.26648  -1.87744    12.62424    -8.46032    21.08456
  -0.90160  -1.42463  -2.46273     7.02120   -12.72342    19.74462
  -1.99212  -2.53947   2.04589    18.20217   -21.29560    39.49777
  -3.24696  -2.13118   1.25528    12.88277   -27.41368    40.29645
  -2.67711  -3.01788   1.25528    14.46786   -20.70297    35.17083
  -1.71834  -3.45574   1.25528    17.16489   -13.04940    30.21430
  -0.67504  -3.30574   1.25528    21.76140     7.61830    14.14310
  -3.06890  -3.03651   0.17528    12.29668   -21.48027    33.77695
  -2.21807  -3.62380   0.17528    14.06563   -16.80826    30.87389
  -1.19176  -3.74842   0.17528    16.09499   -12.23053    28.32553
  -0.22510  -3.38181   0.17528    18.36156   -11.37753    29.73909
  -2.67711  -3.01788  -0.90472    11.35604   -21.09213    32.44817
  -1.71834  -3.45574  -0.90472    13.07793   -16.78765    29.86558
  -0.67504  -3.30574  -0.90472    15.14431    -7.08565    22.22997
   0.12154  -2.61550  -0.90472    18.66778   160.91740  -142.24962
  -1.99212  -2.53947  -1.69534    10.57165   -22.04310    32.61475
  -1.95489  -0.06136   3.01139    15.27484    -6.63818    21.91302
  -1.41489   0.87395   2.72201    13.01392     8.43592     4.57800
  -2.49489   0.87395   2.72201    11.80722     8.59126     3.21596
  -3.03489  -0.06136   2.72201    12.84073    -6.04112    18.88185
  -2.49489  -0.99667   2.72201    15.44991   -17.80341    33.25332
  -1.41489  -0.99667   2.72201    21.63088   -23.01684    44.64772
  -1.17781   1.64021   1.93139     8.20531     2.80596     5.39935
  -2.22111   1.79021   1.93139     7.93109    31.75393   -23.82284
  -3.17989   1.35236   1.93139     9.20494    10.93882    -1.73388
  -3.74974   0.46565   1.93139    10.44364    -2.88136    13.32500
  -3.74974  -0.58837   1.93139    11.57441   -13.56984    25.14425
  -3.17989  -1.47508   1.93139    13.41866   -24.45664    37.87530
  -1.69453   2.08289   0.85139     1.11634    50.97362   -49.85728
  -2.72084   1.95828   0.85139     4.42206    21.83264   -17.41058
  -3.57168   1.37099   0.85139     6.91766     5.55736     1.36030
  -4.05213   0.45556   0.85139     8.60065    -6.45050    15.05114
  -4.05213  -0.57828   0.85139     9.90775   -17.36203    27.26978
  -2.67624   1.75004  -0.89396    -1.64345    16.49605   -18.13950
  -3.52708   1.16275  -0.89396     3.78639     2.68534     1.10106
  -4.00753   0.24733  -0.89396     6.54681    -8.04007    14.58688
  -4.00753  -0.78652  -0.89396     8.16766   -16.38463    24.55229
  -2.17651   1.58198  -1.97396    -6.68549   -14.24457     7.55908
  -3.13529   1.14412  -1.97396     1.61333    -3.10872     4.72205
  -3.70514   0.25742  -1.97396     5.45557    -3.95329     9.40886
  -3.70514  -0.79661  -1.97396     7.32931    -8.83567    16.16499
  -3.13529  -1.68331  -1.97396     8.38039   -14.17049    22.55088
  -0.83030  -0.26959  -2.76457    -3.81965     4.83221    -8.65186
  -1.37030   0.66571  -2.76457    -8.45632     0.91848    -9.37480
  -2.45030   0.66571  -2.76457     0.11421     7.10031    -6.98610
  -2.99030  -0.26959  -2.76457     5.03388     3.17288     1.86100
  -2.45030  -1.20490  -2.76457     6.48343    -2.06350     8.54693
  -1.37030  -1.20490  -2.76457     5.30057    -2.47768     7.77825
  -1.91030  -0.26959  -3.05396     1.89884    14.36181   -12.46296
  -0.51662  -0.89482  -2.49447     2.50314   -18.59285    21.09598
  -0.95728   2.38119   0.84376    -5.31187   156.04192  -161.35379
  -0.21376   3.28742  -0.16668   -17.99697  -469.11135   451.11438
  -1.19887   2.81302  -0.16668   -13.96271    10.61631   -24.57903
   1.86473   2.81302  -1.28819   -27.60791  -133.85687   106.24897
   0.87962   3.28742  -1.28819   -24.74333  -143.27665   118.53332
  -0.21376   3.28742  -1.28819   -22.54077  -132.22276   109.68199
  -1.19887   2.81302  -1.28819   -19.08256    -7.73215   -11.35042
  -1.88058   1.95817  -1.28819   -12.09964    -5.71181    -6.38782
   1.99038   1.95738  -2.29863   -25.37146   -59.75467    34.38321
   1.15139   2.68437  -2.29863   -25.79566   -38.81512    13.01946
   0.05254   2.84236  -2.29863   -24.22438   -57.19538    32.97100
  -0.95728   2.38119  -2.29863   -20.98768    10.12983   -31.11752
  -1.55748   1.44727  -2.29863   -13.75313     5.71881   -19.47194
   1.42632   0.89220  -2.99788   -18.00513    12.83363   -30.83876
   0.87962   1.83910  -2.99788   -22.80558    81.62117  -104.42675
  -0.21376   1.83910  -2.99788   -21.50601    45.74251   -67.24852
  -0.76046   0.89220  -2.99788   -15.32566    26.21646   -41.54212
  -0.21376  -0.05470  -2.99788    -9.56513    28.50936   -38.07449
   0.87962  -0.05470  -2.99788   -10.53337    -0.40405   -10.12932
   0.33293   0.89220  -3.24744   -17.82692   181.74030  -199.56722
   0.86959  -3.32048   0.84675    17.41151    34.92485   -17.51334
   0.31452  -3.05241  -0.18650    17.50249   -53.70947    71.21196
  -0.06528  -0.32619   3.36888    18.72237    52.45724   -33.73487
  -0.60528  -1.26150   3.36888    21.95907    17.00855     4.95052
  -0.06528  -2.19680   3.36888    22.78424    29.66175    -6.87750
  -1.32012  -1.78851   2.57826    23.69413   -15.36765    39.06178
  -0.75028  -2.67521   2.57826    23.87862    14.64026     9.23836
   0.20850  -3.11307   2.57826    22.26529    37.97847   -15.71317
  -0.29123  -3.28113   1.49826    22.79303    29.80163    -7.00860
   0.73508  -3.40575   1.49826    19.59775    51.27539   -31.67764
   3.84989  -1.06116   4.69609     4.57392    12.56886    -7.99495
   3.60975   0.67550   4.11080     2.11031     5.09349    -2.98318
   3.60975  -2.79782   4.11080     5.87286    18.66077   -12.78791
   4.42276  -2.09334   4.11080     4.27648     9.96445    -5.68797
   4.37193  -3.01142   3.23486     4.41076    13.80007    -9.38931
   5.06409  -2.14347   1.16837    -2.20570    -2.07227    -0.13343
   2.22353  -1.11760   5.27020     8.25551    22.37754   -14.12203
   3.30353  -1.11760   4.98081     5.68775    17.02954   -11.34179
   2.76353  -0.18229   4.98081     5.76869    18.99982   -13.23112
   1.68353  -0.18229   4.98081     8.77635    28.20196   -19.42561
   1.14353  -1.11760   4.98081    11.50413    26.75547   -15.25133
   1.68353  -2.05291   4.98081    10.47690    25.35682   -14.87993
   2.76353  -2.05291   4.98081     7.59286    21.70980   -14.11693
   0.42869  -0.59059   4.19020    15.18949    33.31710   -18.12761
   0.42869  -1.64461   4.19020    16.73254    29.30617   -12.57363
   0.99854  -2.53132   4.19020    14.24949    29.82268   -15.57320
   1.95732  -2.96918   4.19020    10.46874    28.74892   -18.28017
   1.66788  -3.46808   2.85264    13.36030    33.02687   -19.66656
   2.62666  -3.90593   2.85264     9.29844    27.02360   -17.72516
   3.66995  -3.75593   2.85264     6.54806    22.23539   -15.68733
   1.27609  -3.48670   1.77263    16.89946    39.18411   -22.28465
   2.12693  -4.07399   1.77263    11.43762    32.97028   -21.53266
   3.15323  -4.19861   1.77263     8.20406    30.77343   -22.56937
   4.11989  -3.83200   1.77263     5.28551    25.94670   -20.66119
   4.80546  -3.05816   1.77263     2.29229    15.76360   -13.47131
   1.66788  -3.46808   0.69264    13.53287    56.91774   -43.38487
   2.62666  -3.90593   0.69264     9.18046    55.83401   -46.65355
   3.66995  -3.75593   0.69264     4.96799    40.77862   -35.81063
   4.46653  -3.06569   0.69264     0.40035    40.85550   -40.45515
   4.89021  -0.72526   4.33874     2.93235     1.05251     1.87984
   4.35021   0.21005   4.33874     2.28100     1.14373     1.13727
   5.68082  -0.72526   3.54813     0.89232   -11.30442    12.19674
   5.38387   0.28607   3.54813    -0.82957   -14.81755    13.98799
   4.58729   0.97631   3.54813    -0.80572   -12.16634    11.36062
   5.38387  -1.73659   3.54813     2.49686    -2.54581     5.04268
   5.97021  -0.72526   2.46813    -3.28376   -37.58388    34.30012
   5.72279   0.27854   2.46813    -7.74347   -42.90456    35.16109
   5.72279  -1.72906   2.46813    -0.14997   -19.66557    19.51559
   5.68082  -0.72526   1.38813   -10.84776  -142.92451   132.07676
   5.38387  -1.73659   1.38813    -3.43248   -47.51292    44.08045
   3.08761   1.30929   4.34987     0.98644     8.64072    -7.65428
   2.57099   2.20410   4.34987    -0.37400     7.88420    -8.25819
   1.78266   3.19904   3.76459    -1.96348    -2.39721     0.43373
   2.60943   3.74122   2.88864    -5.56538   -38.70851    33.14313
   1.49929   3.74122   2.88864    -4.06563   -30.33441    26.26878
   0.49908   3.25955   2.88864    -1.84049     6.81826    -8.65875
  -0.44011   2.34253   1.85540    -0.06903  -218.75630   218.68728
   4.10642   1.67202   4.02724    -0.98644    -5.54653     4.56008
   3.56642   2.60733   4.02724    -2.08961    -6.58527     4.49566
   4.89703   1.67202   3.23663    -5.09161   -20.08821    14.99660
   4.60008   2.68335   3.23663    -5.67708   -20.41827    14.74119
   3.80350   3.37359   3.23663    -5.14181   -24.90640    19.76459
   2.76020   3.52359   3.23663    -4.53313   -22.47347    17.94034
   5.18642   1.67202   2.15663   -17.24271   -48.76908    31.52637
   4.93900   2.67582   2.15663   -14.38377   -30.35323    15.96946
   4.25344   3.44967   2.15663   -11.29768   -36.59108    25.29340
   3.28678   3.81627   2.15663    -9.26643   -55.72899    46.46256
   3.80350   3.37359   1.07663   -20.00187   -59.66239    39.66053
   0.40005   3.43477   2.24510    -3.44942     8.60434   -12.05376
   2.85206   3.79870   1.16510   -13.35089   -73.13170    59.78081
   1.88540   4.16531   1.16510    -9.30848  -192.44179   183.13331
   0.85910   4.04069   1.16510    -7.49560     8.05386   -15.54946
   0.00826   3.45340   1.16510    -6.92206   438.22332  -445.14537
  -0.47219   2.53798   1.16510    -5.23845   467.84941  -473.08786
   2.40213   3.72263   0.08510   -16.62649  -489.57424   472.94775
   1.35883   3.87263   0.08510   -13.61005  1298.58694 -1312.19699
   0.40005   3.43477   0.08510   -15.75676  -894.41548   878.65872
   2.16504   2.95636  -0.70552   -24.74521  -225.58036   200.83515
   1.41667   1.23900   4.89195     5.09977    31.77932   -26.67955
   2.49667   1.23900   4.60256     2.45482    17.33397   -14.87915
   1.95667   2.17430   4.60256     1.20294    14.49851   -13.29557
   0.87667   2.17430   4.60256     3.33396    27.29159   -23.95763
   0.33667   1.23900   4.60256     7.09211    38.46480   -31.37269
   0.87667   0.30369   4.60256     9.86884    42.03589   -32.16705
   1.15045   3.09057   3.81195    -0.56413     8.21100    -8.77513
   0.19168   2.65271   3.81195     2.24021    52.13615   -49.89594
  -0.37818   1.76601   3.81195     6.19164    85.56943   -79.37780
  -0.37818   0.71198   3.81195    10.84399    34.22787   -23.38388
   0.19168  -0.17472   3.81195    15.48317    37.02342   -21.54025
  -0.20012   2.67134   2.73195     0.66391   103.76326  -103.09935
  -0.68057   1.75592   2.73195     6.18222   239.62423  -233.44201
  -0.68057   0.72207   2.73195    13.23543    -8.22555    21.46099
   6.01418   0.78140   1.57119   -20.59298   -34.37988    13.78690
   5.70141   1.84658   1.57119   -23.61883   -63.24832    39.62949
   6.50078   0.78140   0.56075   -23.90811    -4.64028   -19.26784
   6.25748   1.84737   0.56075   -26.71433  -124.25318    97.53885
   5.57576   2.70221   0.56075   -27.78487  -223.35516   195.57030
   4.59066   3.17662   0.56075   -27.34184     4.66221   -32.00405
   5.57576  -1.13942   0.56075   -12.10905  -240.83513   228.72608
   6.25748  -0.28458   0.56075   -18.93761  -304.86451   285.92690
   6.50078   0.78140  -0.56075   -24.27458     3.96528   -28.23986
   6.25748   1.84737  -0.56075   -27.58469  -101.82442    74.23973
   5.57576   2.70221  -0.56075   -28.90183  -223.05488   194.15305
   4.59066   3.17662  -0.56075   -28.95894    40.39595   -69.35489
   3.49727   3.17662  -0.56075   -28.05909    35.19768   -63.25676
   5.70141   1.84658  -1.57119   -26.83858   -45.20439    18.36581
   4.86242   2.57357  -1.57119   -28.12811   -53.23371    25.10560
   3.76357   2.73156  -1.57119   -27.83444   -16.69453   -11.13991
   2.75375   2.27039  -1.57119   -28.02959  -173.54544   145.51585
   2.41333  -3.36261   0.07015     9.00225   165.89720  -156.89495
   3.52348  -3.36261   0.07015     1.77962    48.89729   -47.11767
   4.52369  -2.88094   0.07015    -3.32329    58.94728   -62.27057
   5.21585  -2.01299   0.07015    -6.61458   145.33968  -151.95425
   2.96841  -3.63068  -0.96310     5.67206    51.57016   -45.89810
   4.00165  -3.42515  -0.96310     0.21022    39.50511   -39.29490
   1.13655  -0.39280  -2.87228    -5.35454    -8.67504     3.32050
   1.82620  -3.24624   0.07593    12.67255   412.25003  -399.57748
   0.47563  -2.82701  -1.00407    18.32830   309.53998  -291.21168
   1.32647  -3.41430  -1.00407    15.31625    47.33049   -32.01424
   0.29757  -1.92168  -2.08407    14.76342    47.34716   -32.58374
   0.86742  -2.80838  -2.08407    15.96321    71.03255   -55.06934
   1.82620  -3.24624  -2.08407    14.19238    43.73726   -29.54487
   1.01242  -1.39467  -2.87468     7.60667    66.36972   -58.76305
   4.31809  -3.31139  -1.13857    -0.32693    34.74004   -35.06697
   5.31830  -2.82971  -1.13857    -1.90198    18.60292   -20.50490
   5.67221  -2.78864  -2.17181     0.17508    12.62916   -12.45409
   5.31830   1.07080  -3.20506    -9.61596    15.25103   -24.86699
   1.26855  -0.87946  -3.20506     1.26506    34.11936   -32.85430
   5.67221  -0.87946  -4.08100    -0.19641    17.32065   -17.51706
   5.36913   0.15273  -4.08100    -2.68386    19.94683   -22.63069
   1.93117  -1.41734  -4.08100     3.11747    38.94867   -35.83120
   5.36913  -1.91164  -4.08100     1.83923    20.48508   -18.64585
   4.79626  -0.87946  -4.66629     0.74611    24.10141   -23.35530
   2.72978  -0.87946  -4.66629     0.91303    38.77975   -37.86672
   3.76302  -0.87946  -4.87181     1.13830    31.32483   -30.18653
   4.72699   1.74791  -2.79277   -15.84587     5.13861   -20.98448
   3.76033   2.11451  -2.79277   -16.14080    10.49429   -26.63509
   2.73402   1.98990  -2.79277   -16.57629    57.12432   -73.70061
   1.88318   1.40260  -2.79277   -19.56386     0.06015   -19.62401
   5.07363   0.98159  -3.87277    -5.82203    19.22969   -25.05172
   4.27705   1.67183  -3.87277    -7.56023    14.65234   -22.21257
   3.23375   1.82183  -3.87277    -8.20594    20.12331   -28.32926
   2.27498   1.38398  -3.87277    -8.65524    31.34724   -40.00248
   1.70512   0.49727  -3.87277    -6.86182    44.21287   -51.07468
   4.57997  -0.02974  -4.66338    -0.90612    25.76552   -26.67164
   4.03997   0.90557  -4.66338    -3.09299    24.10902   -27.20201
   2.95997   0.90557  -4.66338    -3.49711    39.33836   -42.83547
   2.41997  -0.02974  -4.66338    -1.63843    49.22714   -50.86557
   3.49997  -0.02974  -4.95277    -0.71034    33.74354   -34.45388
   6.68005  -0.80609  -0.83581    -9.02923   -56.37975    47.35052
   6.38310   0.20525  -0.83581   -20.03763    15.01912   -35.05675
   5.58652  -2.50766  -0.83581    -3.03150    12.09525   -15.12675
   6.38310  -1.81742  -0.83581    -4.32417   -26.20245    21.87828
   6.96943  -0.80609  -1.91581    -4.62788   -11.06359     6.43571
   6.72202   0.19772  -1.91581    -9.91402    -1.50757    -8.40645
   6.03646   0.97156  -1.91581   -18.44878    -3.70639   -14.74239
   6.03646  -2.58373  -1.91581    -0.57605     5.90658    -6.48264
   6.72202  -1.80989  -1.91581    -1.81852    -5.04320     3.22468
   6.68005  -0.80609  -2.99581    -2.27284     4.28230    -6.55514
   6.38310   0.20525  -2.99581    -5.83270     5.94317   -11.77587
   6.38310  -1.81742  -2.99581    -0.15123     7.97996    -8.13119
   3.33470  -3.64292  -1.65206     5.67582    42.18428   -36.50846
   4.37800  -3.49292  -1.65206     1.85178    30.93424   -29.08246
   1.98413  -3.22369  -2.73205    11.55308    39.11691   -27.56384
   2.83497  -3.81099  -2.73205     8.27246    34.65504   -26.38258
   3.86127  -3.93560  -2.73205     5.58232    30.20335   -24.62103
   4.82794  -3.56900  -2.73205     3.19151    24.39618   -21.20467
   1.80607  -2.31836  -3.81206     6.99987    39.85581   -32.85594
   2.37592  -3.20507  -3.81206     7.60479    33.04798   -25.44320
   3.33470  -3.64292  -3.81206     6.48029    29.46611   -22.98582
   4.37800  -3.49292  -3.81206     4.72138    25.88593   -21.16455
   5.17458  -2.80268  -3.81206     2.87776    22.00872   -19.13096
   4.68092  -1.79135  -4.60267     2.53012    25.03917   -22.50905
   2.52092  -1.79135  -4.60267     3.54229    33.89103   -30.34874
   3.06092  -2.72666  -4.60267     5.18888    29.78103   -24.59215
   4.14092  -2.72666  -4.60267     4.19741    26.38646   -22.18905
   3.60092  -1.79135  -4.89206     3.02522    29.56850   -26.54327
  -1.93125  -1.41841   2.85083    17.63113   -16.27968    33.91081
  -2.68103  -1.98718   2.32988    14.58269   -20.48304    35.06573
  -3.52011  -2.05693   1.53175    11.68234   -21.11314    32.79548
  -2.22674   2.31182   0.55269    -0.13554    30.52068   -30.65622
  -4.32234  -1.07269   0.55269     8.76882   -16.69272    25.46153
  -3.93012  -2.08512   0.55269     9.96171   -20.60149    30.56320
  -2.22674   2.31182  -0.48920    -5.76869    12.36107   -18.12976
  -3.19866   1.82786  -0.48920     1.09375    11.06960    -9.97585
  -3.93012   1.02549  -0.48920     4.71322    -0.55711     5.27033
  -4.32234   0.01306  -0.48920     6.64093    -9.58905    16.22999
  -4.32234  -1.07269  -0.48920     7.76606   -15.64256    23.40862
  -3.93012  -2.08512  -0.48920     8.89683   -19.32859    28.22542
  -3.52011  -2.05693  -1.46825     8.36596   -16.71367    25.07962
  -1.69266  -2.43855  -2.26638     8.89683   -10.39924    19.29606
  -0.61715  -2.28392  -2.26638    10.46686     2.56360     7.90326
  -0.90519  -1.41841  -2.78733     5.38340    -2.63662     8.02002
  -1.97278  -2.50598   2.33760    17.51316   -15.67901    33.19217
  -2.68090  -3.02225   1.67166    13.88616   -16.76262    30.64878
  -1.71916  -3.46146   1.67166    16.46271    -8.40518    24.86789
  -3.56023  -2.61938   0.70933    11.09813   -20.59644    31.69457
  -2.91098  -3.43351   0.70933    12.33056   -16.03605    28.36661
  -1.97278  -3.88533   0.70933    14.01354   -10.82288    24.83642
  -0.93146  -3.88533   0.70933    16.21861    -2.23581    18.45442
  -3.56023  -2.61938  -0.35877     9.99497   -20.38073    30.37570
  -2.91098  -3.43351  -0.35877    11.10566   -16.27348    27.37915
  -1.97278  -3.88533  -0.35877    12.51191   -12.01068    24.52259
  -0.93146  -3.88533  -0.35877    14.16038    -6.39987    20.56025
   0.00674  -3.43351  -0.35877    16.15900    -2.82603    18.98503
  -2.68090  -3.02225  -1.32110    10.00438   -17.02748    27.03186
  -1.71916  -3.46146  -1.32110    11.40561   -11.85610    23.26171
  -0.67264  -3.31099  -1.32110    13.37285     4.32410     9.04875
  -1.95489  -0.06136   3.25139    13.97087    -1.09321    15.06408
  -1.43423   0.84045   3.01372    12.02183    16.84807    -4.82624
  -2.47555   0.84045   3.01372    10.79818    10.61457     0.18361
  -2.99622  -0.06136   3.01372    11.79906    -2.87929    14.67835
  -2.47555  -0.96317   3.01372    14.39883   -11.48989    25.88872
  -1.43423  -0.96317   3.01372    19.42205   -11.18707    30.60911
  -1.17541   1.64547   2.34777     7.94678    34.44930   -26.50251
  -2.22193   1.79594   2.34777     7.62299    32.85077   -25.22779
  -3.18367   1.35673   2.34777     8.57617    12.31907    -3.74290
  -3.75528   0.46728   2.34777     9.69126    -0.63141    10.32267
  -3.75528  -0.59000   2.34777    10.89419    -9.75561    20.64980
  -3.18367  -1.47945   2.34777    12.84449   -17.78433    30.62882
  -2.47555   2.21980   1.38544     4.17294    34.88699   -30.71405
  -3.41375   1.76799   1.38544     6.16716    13.20889    -7.04173
  -4.06300   0.95385   1.38544     7.70205     0.77262     6.92943
  -4.29472  -0.06136   1.38544     8.90687    -8.25689    17.16376
  -4.06300  -1.07657   1.38544    10.16440   -16.59057    26.75497
  -3.41375   1.76799   0.31734     3.83408     9.88736    -6.05328
  -4.06300   0.95385   0.31734     6.18285    -1.45769     7.64054
  -2.43096   2.01157  -1.42801    -5.81199     2.64988    -8.46188
  -3.36916   1.55976  -1.42801     0.87789     2.30845    -1.43056
  -4.01841   0.74562  -1.42801     4.26832    -2.80838     7.07670
  -4.25012  -0.26959  -1.42801     6.20356    -8.14230    14.34585
  -4.01841  -1.28481  -1.42801     7.49811   -13.33129    20.82940
  -2.17733   1.58770  -2.39033    -6.59701     2.93032    -9.52733
  -3.13907   1.14849  -2.39033     0.55346    -0.97670     1.53017
  -3.71069   0.25905  -2.39033     4.14345    -1.72496     5.86841
  -3.71069  -0.79824  -2.39033     6.01656    -5.20422    11.22078
  -3.13907  -1.68768  -2.39033     7.11345    -8.63474    15.74818
  -0.86897  -0.26959  -3.05628    -3.43938    11.43651   -14.87589
  -1.38964   0.63222  -3.05628    -7.11972    10.85246   -17.97218
  -2.43096   0.63222  -3.05628    -0.64633     8.30640    -8.95273
  -2.95162  -0.26959  -3.05628     3.67846     4.20943    -0.53097
  -2.43096  -1.17141  -3.05628     5.14056     0.78510     4.35546
  -1.38964  -1.17141  -3.05628     3.99033     2.33197     1.65836
  -1.91030  -0.26959  -3.29396     1.01468    11.69826   -10.68357
  -1.29904   2.25000   1.50000     2.02497    77.62162   -75.59665
  -0.51303  -0.88859  -2.81908     1.19101     0.11684     1.07417
  -0.96050   3.13249   0.34408   -10.38465   103.19932  -113.58397
   0.59128   3.68025  -0.72744   -18.91941  -142.52461   123.60520
  -0.43332   3.58531  -0.72744   -16.94464  -154.07041   137.12577
  -1.35444   3.12665  -0.72744   -13.84160   -14.72784     0.88624
  -2.04768   2.36621  -0.72744    -8.61822     7.10642   -15.72464
   2.06388   2.81461  -1.79895   -24.70944   -95.14312    70.43368
   1.13232   3.35245  -1.79895   -22.25525   -93.97117    71.71592
   0.06253   3.46489  -1.79895   -20.24785   -81.19889    60.95104
  -0.96050   3.13249  -1.79895   -17.72150   -25.11225     7.39076
  -1.75988   2.41272  -1.79895   -13.37913    18.30677   -31.68590
   2.04758   1.88215  -2.70734   -20.35013    42.28006   -62.63019
   1.32288   2.60684  -2.70734   -21.66163    -1.08367   -20.57796
   0.33293   2.87210  -2.70734   -20.67142   -25.25212     4.58070
  -0.65702   2.60684  -2.70734   -18.46698    -2.80850   -15.65847
  -1.38171   1.88215  -2.70734   -14.27521    32.56769   -46.84290
   0.86869   1.82016  -3.31430   -18.53914    82.46514  -101.00428
  -0.20282   1.82016  -3.31430   -17.36005    48.48152   -65.84157
  -0.73858   0.89220  -3.31430   -12.31864    32.18089   -44.49953
  -0.20282  -0.03576  -3.31430    -7.83759    30.65245   -38.49005
   0.86869  -0.03576  -3.31430    -8.49962    24.08136   -32.58097
   0.33293   0.89220  -3.52744   -14.23694   111.69804  -125.93497
  -0.98066  -0.07720   3.14488    16.76956     0.83926    15.93030
   0.06107  -3.46212   0.32580    17.67632     0.10351    17.57281
   1.14219  -3.56230   0.32580    14.27835    15.74867    -1.47031
  -0.56660  -1.26150   3.66059    19.17606    19.33171    -0.15565
  -0.04594  -2.16331   3.66059    19.80294    26.69946    -6.89651
  -1.32567  -1.79014   2.99464    20.59298    -3.65271    24.24569
  -0.75406  -2.67958   2.99464    20.68648    15.13242     5.55405
   0.20768  -3.11879   2.99464    19.52496    31.33795   -11.81299
  -0.98414  -3.09085   2.03232    21.44200     4.57871    16.86329
  -0.04594  -3.54266   2.03232    19.62661    30.11022   -10.48361
   0.99538  -3.54266   2.03232    17.48994    39.10540   -21.61545
  -0.04594  -3.54266   0.96421    19.12335    26.08638    -6.96302
   3.84271  -1.06116   5.02069     4.28024    11.74001    -7.45977
   3.32968  -0.17256   5.02069     4.20808    13.23967    -9.03159
   3.61772   0.69294   4.49975     2.03439     6.21527    -4.18088
   3.61772  -2.81526   4.49975     5.56413    16.75670   -11.19258
   4.43889  -2.10371   4.49975     3.97214     9.73844    -5.76631
   2.54507  -3.64500   3.70161     8.44565    24.56074   -16.11509
   3.61950  -3.53207   3.70161     5.91490    18.75373   -12.83882
   4.55510  -2.99190   3.70161     3.94766    11.26368    -7.31602
   1.03621  -3.41884   2.72256    16.52735    34.95195   -18.42460
   4.99999  -3.05154   2.72256     2.72151     8.55255    -5.83104
   5.19011  -2.11789   0.70161    -4.31727    28.02794   -32.34521
   2.22353  -1.11760   5.51020     7.37135    19.98209   -12.61074
   3.26485  -1.11760   5.27252     5.35266    15.55729   -10.20464
   2.74419  -0.21579   5.27252     5.39658    17.37785   -11.98127
   1.70287  -0.21579   5.27252     7.74284    24.45848   -16.71564
   1.18221  -1.11760   5.27252     9.92281    23.74815   -13.82534
   1.70287  -2.01941   5.27252     9.21811    22.19400   -12.97589
   2.74419  -2.01941   5.27252     6.94967    19.16994   -12.22027
   0.42314  -0.58896   4.60657    12.64432    28.96911   -16.32479
   0.42314  -1.64624   4.60657    13.77446    25.41317   -11.63871
   0.99475  -2.53568   4.60657    12.16364    25.25762   -13.09398
   1.95649  -2.97490   4.60657     9.40197    24.25702   -14.85505
   0.76467  -2.94695   3.64425    15.84775    30.55781   -14.71006
   2.62583  -3.91166   3.26901     8.54040    24.70437   -16.16396
   3.67236  -3.76119   3.26901     6.06362    19.81466   -13.75104
   1.43401  -3.88371   2.30669    13.56174    31.26534   -17.70361
   2.37221  -4.33552   2.30669     9.55446    27.32810   -17.77364
   3.41353  -4.33552   2.30669     6.90825    24.41545   -17.50720
   4.35173  -3.88371   2.30669     4.57266    19.44778   -14.87512
   1.43401  -3.88371   1.23859    13.69916    36.37068   -22.67152
   2.37221  -4.33552   1.23859     9.62537    36.76163   -27.13626
   3.41353  -4.33552   1.23859     6.59763    32.21651   -25.61887
   4.35173  -3.88371   1.23859     3.71235    27.21897   -23.50662
   5.00098  -3.06957   1.23859     0.66767    19.70788   -19.04021
   1.66409  -3.47244   0.27626    12.83947   112.17598   -99.33651
   2.62583  -3.91166   0.27626     8.14884    68.44191   -60.29308
   3.67236  -3.76119   0.27626     3.57555    42.61832   -39.04277
   4.85153  -0.72526   4.63045     2.57969     2.41488     0.16481
   4.33087   0.17655   4.63045     2.10969     2.62475    -0.51506
   5.68660  -0.72526   3.96450     0.89420    -6.52844     7.42264
   5.38873   0.28920   3.96450    -0.39784    -9.30502     8.90717
   4.58969   0.98157   3.96450    -0.38466    -7.24922     6.86456
   5.38873  -1.73972   3.96450     2.35191     0.14777     2.20414
   6.15004  -0.72526   3.00218    -1.93712   -20.63165    18.69453
   5.91832   0.28995   3.00218    -4.64545   -24.37831    19.73286
   5.26907   1.10409   3.00218    -6.27070   -26.22262    19.95192
   5.91832  -1.74047   3.00218     0.33321   -10.94239    11.27560
   6.15004  -0.72526   1.93408    -6.82793   -58.46732    51.63938
   5.91832  -1.74047   1.93408    -2.43913   -31.23402    28.79489
   3.08042   1.30929   4.67448     1.35291     8.93051    -7.57760
   2.56739   2.19788   4.67448     0.19265     7.81400    -7.62135
   2.85543   3.06339   4.15353    -2.14734    -4.43742     2.29008
   1.77993   3.21802   4.15353    -1.18662     1.33912    -2.52574
   2.85721   3.78020   3.35540    -4.48920   -25.49591    21.00671
   1.78279   3.89313   3.35540    -3.43938   -21.15935    17.71997
   0.75533   3.55929   3.35540    -1.64721     4.89055    -6.53776
   2.32696   4.25111   2.37634    -6.64156   -69.88986    63.24830
   1.24585   4.15093   2.37634    -4.92030   -39.71500    34.79470
   0.27392   3.66697   2.37634    -3.14884    23.70721   -26.85606
  -0.45754   2.86459   2.37634    -0.28489    55.55086   -55.83575
   3.37126   3.95398   1.33445   -13.41490   -62.28568    48.87078
   4.06774   1.67202   4.31895    -0.74987    -3.36790     2.61802
   3.54708   2.57383   4.31895    -1.72126    -4.53614     2.81488
   4.90281   1.67202   3.65300    -3.53351   -14.19100    10.65749
   4.60494   2.68648   3.65300    -4.43524   -15.64645    11.21121
   3.80590   3.37885   3.65300    -4.16729   -18.29840    14.13111
   5.36625   1.67202   2.69068   -10.44427   -30.13755    19.69329
   5.13453   2.68723   2.69068    -9.98932   -24.32665    14.33733
   4.48528   3.50137   2.69068    -8.51342   -27.61521    19.10179
   3.54708   3.95318   2.69068    -7.22514   -41.66437    34.43923
   4.48528   3.50137   1.62258   -15.52333   -24.99809     9.47476
   3.54708   3.95318   1.62258   -12.25401   -57.42054    45.16654
   1.10438   4.30222   1.69915    -6.28765   -49.30559    43.01795
   0.16619   3.85041   1.69915    -4.96737   103.99633  -108.96369
  -0.48307   3.03627   1.69915    -3.02648   280.77634  -283.80282
   3.08390   3.85041   0.63105   -16.47150    21.41761   -37.88910
   2.14571   4.30222   0.63105   -11.63779  -519.66983   508.03204
   1.10438   4.30222   0.63105    -9.74522   -63.32710    53.58188
   0.16619   3.85041   0.63105    -9.70004   -54.52692    44.82688
   2.40453   3.72789  -0.33128   -18.21786  -374.73693   356.51907
   1.35800   3.87835  -0.33128   -15.85591   429.07987  -444.93578
   1.41667   1.23900   5.13195     4.71824    26.80966   -22.09141
   2.45799   1.23900   4.89427     2.71523    16.57708   -13.86185
   1.93733   2.14081   4.89427     1.54179    14.20085   -12.65906
   0.89601   2.14081   4.89427     3.21975    24.41145   -21.19170
   0.37535   1.23900   4.89427     6.35479    33.25602   -26.90124
   0.89601   0.33719   4.89427     8.62324    34.97578   -26.35254
   1.14963   3.09629   4.22832     0.08848    11.26762   -11.17914
   0.18789   2.65708   4.22832     2.48682    39.40572   -36.91890
  -0.38372   1.76764   4.22832     5.80948    55.02528   -49.21580
  -0.38372   0.71035   4.22832     9.65674    33.69141   -24.03467
   0.18789  -0.17909   4.22832    13.26367    32.17111   -18.90745
  -0.04219   3.06835   3.26600     0.41290    55.70085   -55.28795
  -0.69144   2.25421   3.26600     4.08697   214.74638  -210.65941
  -0.92316   1.23900   3.26600     9.15599    60.77563   -51.61964
  -0.69144   0.22378   3.26600    14.77973    12.01742     2.76231
   6.02386   0.78140   1.97990   -15.32190   -37.85789    22.53599
   5.75861   1.77135   1.97990   -17.88779   -40.52339    22.63560
   6.63082   0.78140   1.07151   -19.02923    56.26404   -75.29326
   6.40718   1.83357   1.07151   -21.45204   107.72637  -129.17841
   5.77491   2.70381   1.07151   -22.38515   -82.90219    60.51705
   4.84335   3.24165   1.07151   -21.92016     3.20064   -25.12080
   5.77491  -1.14102   1.07151    -9.35617  -137.01541   127.65925
   6.40718  -0.27077   1.07151   -14.93975  -104.99379    90.05404
   6.84396   0.78140   0.00000   -20.27860   -64.12572    43.84712
   6.65488   1.79287   0.00000   -22.73843  -163.54976   140.81132
   6.11319   2.66775   0.00000   -24.02044  -406.71167   382.69123
   5.29203   3.28785   0.00000   -24.39631   -82.05997    57.66366
   4.30231   3.56945   0.00000   -24.00914   -17.41609    -6.59305
   3.27771   3.47451   0.00000   -22.87021   406.51266  -429.38287
   6.65488  -0.23008   0.00000   -16.38553  -252.16549   235.77996
   6.63082   0.78140  -1.07151   -19.41703    72.18763   -91.60466
   6.40718   1.83357  -1.07151   -22.81374   119.70619  -142.51993
   5.77491   2.70381  -1.07151   -24.33858   -86.40881    62.07023
   4.84335   3.24165  -1.07151   -24.78349    35.64312   -60.42661
   3.77356   3.35409  -1.07151   -24.69438    -6.93260   -17.76178
   2.75053   3.02169  -1.07151   -25.37837   -82.10523    56.72686
   5.75861   1.77135  -1.97990   -21.45518   -18.89408    -2.56110
   5.03391   2.49604  -1.97990   -23.10553   -32.11182     9.00629
   4.04396   2.76130  -1.97990   -23.39481   -24.59121     1.19640
   3.05401   2.49604  -1.97990   -23.74370   -52.80270    29.05899
   5.34187  -1.98741   0.53690    -5.54091    21.68616   -27.22707
   2.15989  -3.77232  -0.44215     9.92281    89.74076   -79.81796
   3.24101  -3.87250  -0.44215     4.35805    48.56428   -44.20622
   4.28530  -3.57537  -0.44215     0.06526    37.55150   -37.48624
   5.15175  -2.92106  -0.44215    -2.81564    37.53209   -40.34772
   2.15989  -3.77232  -1.48404    10.57605    44.36720   -33.79115
   3.24101  -3.87250  -1.48404     5.60052    40.70859   -35.10806
   1.57176  -3.67583  -0.47002    12.69514    62.27733   -49.58219
   0.63356  -3.22402  -1.53812    15.18071    81.66893   -66.48822
   1.57176  -3.67583  -1.53812    12.71899    45.71327   -32.99428
   0.29203  -1.92331  -2.50044    11.03036    33.71981   -22.68945
   0.86364  -2.81275  -2.50044    13.03212    50.82098   -37.78886
   5.50147  -2.81020  -0.67181    -2.60730    21.93863   -24.54593
   5.07992  -3.52415  -1.65087     0.71097    22.10542   -21.39445
   5.94636  -2.86984  -2.69276     0.58107    13.01064   -12.42957
   6.13648   0.17728  -3.67181    -4.20431    11.27815   -15.48246
   5.50147   1.05129  -3.67181    -7.14106    13.52359   -20.66465
   1.22172  -0.33928  -3.67181    -3.66968    28.44748   -32.11715
   1.22172  -1.41963  -3.67181     3.70733    41.43164   -37.72432
   6.13648  -1.93619  -3.67181     0.34262    13.18817   -12.84555
   5.69138  -0.87946  -4.46994    -0.49259    16.59729   -17.08988
   5.38526   0.16310  -4.46994    -2.50188    17.92712   -20.42900
   1.91277  -1.42274  -4.46994     2.28351    34.56101   -32.27750
   5.38526  -1.92201  -4.46994     1.40123    19.20661   -17.80539
   4.78908  -0.87946  -4.99089     0.28865    21.94220   -21.65355
   2.73696  -0.87946  -4.99089     0.59990    33.76268   -33.16278
   3.76302  -0.87946  -5.17181     0.66642    27.70339   -27.03697
   2.97931   2.25142  -2.25872   -21.54303   -36.23143    14.68840
   4.95883   1.79961  -3.32682   -11.24183     7.41395   -18.65578
   4.02063   2.25142  -3.32682   -12.19376     7.74556   -19.93933
   2.97931   2.25142  -3.32682   -12.81312    37.30303   -50.11615
   2.04111   1.79961  -3.32682   -14.43209    35.20826   -49.64035
   1.39186   0.98547  -3.32682   -14.76404    53.97005   -68.73409
   5.07849   0.98472  -4.28914    -4.81112    16.91050   -21.72162
   4.27945   1.67709  -4.28914    -6.35793    14.20542   -20.56334
   3.23293   1.82756  -4.28914    -7.03313    18.42512   -25.45825
   2.27119   1.38834  -4.28914    -7.21008    33.72050   -40.93058
   1.69958   0.49890  -4.28914    -5.46122    45.04184   -50.50305
   4.54129  -0.02974  -4.95509    -1.13516    23.34996   -24.48513
   4.02063   0.87207  -4.95509    -3.03715    22.29577   -25.33292
   2.97931   0.87207  -4.95509    -3.38039    32.61621   -35.99660
   2.45865  -0.02974  -4.95509    -1.63843    39.77034   -41.40877
   3.49997  -0.02974  -5.19277    -0.99460    29.65923   -30.65384
   6.68583  -0.80609  -0.41943   -10.71284   -13.62704     2.91420
   5.58892  -2.51291  -0.41943    -3.72552    22.62495   -26.35047
   6.38796  -1.82054  -0.41943    -5.47941   -27.17593    21.69651
   7.14926  -0.80609  -1.38176    -6.45017   -15.21318     8.76301
   6.91755   0.20913  -1.38176   -12.23079     0.75738   -12.98817
   6.26829  -2.63543  -1.38176    -1.60266     2.50869    -4.11135
   6.91755  -1.82130  -1.38176    -3.24046    -8.21905     4.97859
   7.14926  -0.80609  -2.44986    -3.81087    -1.37386    -2.43700
   6.91755   0.20913  -2.44986    -7.46862     2.06529    -9.53391
   6.26829   1.02327  -2.44986   -12.64494     3.43254   -16.07748
   6.26829  -2.63543  -2.44986    -0.13993     8.49273    -8.63266
   6.91755  -1.82130  -2.44986    -1.53677     1.59892    -3.13569
   6.68583  -0.80609  -3.41218    -2.15926     7.32087    -9.48014
   6.38796   0.20837  -3.41218    -4.93222     8.43808   -13.37030
   6.38796  -1.82054  -3.41218    -0.17508    10.36608   -10.54115
   2.14206  -3.62070  -2.19801    10.88478    39.17799   -28.29321
   3.08025  -4.07251  -2.19801     6.85115    34.42284   -27.57169
   4.12158  -4.07251  -2.19801     4.05434    28.66029   -24.60595
   5.05977  -3.62070  -2.19801     1.80283    21.81811   -20.01528
   1.49281  -2.80656  -3.26611     9.55320    40.06282   -30.50962
   2.14206  -3.62070  -3.26611     8.32893    32.66916   -24.34023
   3.08025  -4.07251  -3.26611     6.50727    29.01754   -22.51027
   4.12158  -4.07251  -3.26611     4.67118    25.47285   -20.80166
   5.05977  -3.62070  -3.26611     2.90286    21.29466   -18.39180
   1.80053  -2.31999  -4.22843     5.26292    33.74473   -28.48181
   2.37214  -3.20944  -4.22843     6.06990    29.38858   -23.31868
   3.33388  -3.64865  -4.22843     5.34575    26.33027   -20.98452
   4.38040  -3.49818  -4.22843     3.99096    23.40059   -19.40963
   5.17944  -2.80581  -4.22843     2.50376    20.50414   -18.00038
   4.64224  -1.79135  -4.89438     1.96661    23.18048   -21.21386
   2.55960  -1.79135  -4.89438     2.82003    30.59329   -27.77327
   3.08025  -2.69316  -4.89438     4.13278    26.92565   -22.79287
   4.12158  -2.69316  -4.89438     3.37098    24.05069   -20.67971
   3.60092  -1.79135  -5.13206     2.39269    26.90277   -24.51008
