 RESP-A1 project. RESP input generated by R.E.D.
 &cntrl
  ioutopt=1, iqopt=1, nmol=16, ihfree=1, irstrnt=1, qwt= 0.0005 
 &end 
  1.0
 Dimethylalanine-dipeptide_(alpha-helix) 
    0   25          Column not used by RESP (Added by R.E.D. for information)
    6    0                      1
    1    0                      2
    1    0                      3
    1    0                      4
    6    0                      5
    8    0                      6
    7    0                      7
    1    0                      8
    6    0                      9
    6    0                     10
    1    0                     11
    1    0                     12
    1    0                     13
    6    0                     14
    1    0                     15
    1    0                     16
    1    0                     17
    6    0                     18
    8    0                     19
    7    0                     20
    1    0                     21
    6    0                     22
    1    0                     23
    1    0                     24
    1    0                     25

  1.0
 Dimethylalanine-dipeptide_(alpha-helix) 
    0   25
    6    0                      1
    1    0                      2
    1    0                      3
    1    0                      4
    6    0                      5
    8    0                      6
    7    0                      7
    1    0                      8
    6    0                      9
    6    0                     10
    1    0                     11
    1    0                     12
    1    0                     13
    6    0                     14
    1    0                     15
    1    0                     16
    1    0                     17
    6    0                     18
    8    0                     19
    7    0                     20
    1    0                     21
    6    0                     22
    1    0                     23
    1    0                     24
    1    0                     25

  1.0
 Dimethylalanine-dipeptide_(alpha-helix) 
    0   25
    6    0                      1
    1    0                      2
    1    0                      3
    1    0                      4
    6    0                      5
    8    0                      6
    7    0                      7
    1    0                      8
    6    0                      9
    6    0                     10
    1    0                     11
    1    0                     12
    1    0                     13
    6    0                     14
    1    0                     15
    1    0                     16
    1    0                     17
    6    0                     18
    8    0                     19
    7    0                     20
    1    0                     21
    6    0                     22
    1    0                     23
    1    0                     24
    1    0                     25

  1.0
 Dimethylalanine-dipeptide_(alpha-helix) 
    0   25
    6    0                      1
    1    0                      2
    1    0                      3
    1    0                      4
    6    0                      5
    8    0                      6
    7    0                      7
    1    0                      8
    6    0                      9
    6    0                     10
    1    0                     11
    1    0                     12
    1    0                     13
    6    0                     14
    1    0                     15
    1    0                     16
    1    0                     17
    6    0                     18
    8    0                     19
    7    0                     20
    1    0                     21
    6    0                     22
    1    0                     23
    1    0                     24
    1    0                     25

  1.0
 Dimethylalanine-dipeptide_(extended) 
    0   25          Column not used by RESP (Added by R.E.D. for information)
    6    0                      1
    1    0                      2
    1    0                      3
    1    0                      4
    6    0                      5
    8    0                      6
    7    0                      7
    1    0                      8
    6    0                      9
    6    0                     10
    1    0                     11
    1    0                     12
    1    0                     13
    6    0                     14
    1    0                     15
    1    0                     16
    1    0                     17
    6    0                     18
    8    0                     19
    7    0                     20
    1    0                     21
    6    0                     22
    1    0                     23
    1    0                     24
    1    0                     25

  1.0
 Dimethylalanine-dipeptide_(extended) 
    0   25
    6    0                      1
    1    0                      2
    1    0                      3
    1    0                      4
    6    0                      5
    8    0                      6
    7    0                      7
    1    0                      8
    6    0                      9
    6    0                     10
    1    0                     11
    1    0                     12
    1    0                     13
    6    0                     14
    1    0                     15
    1    0                     16
    1    0                     17
    6    0                     18
    8    0                     19
    7    0                     20
    1    0                     21
    6    0                     22
    1    0                     23
    1    0                     24
    1    0                     25

  1.0
 Dimethylalanine-dipeptide_(extended) 
    0   25
    6    0                      1
    1    0                      2
    1    0                      3
    1    0                      4
    6    0                      5
    8    0                      6
    7    0                      7
    1    0                      8
    6    0                      9
    6    0                     10
    1    0                     11
    1    0                     12
    1    0                     13
    6    0                     14
    1    0                     15
    1    0                     16
    1    0                     17
    6    0                     18
    8    0                     19
    7    0                     20
    1    0                     21
    6    0                     22
    1    0                     23
    1    0                     24
    1    0                     25

  1.0
 Dimethylalanine-dipeptide_(extended) 
    0   25
    6    0                      1
    1    0                      2
    1    0                      3
    1    0                      4
    6    0                      5
    8    0                      6
    7    0                      7
    1    0                      8
    6    0                      9
    6    0                     10
    1    0                     11
    1    0                     12
    1    0                     13
    6    0                     14
    1    0                     15
    1    0                     16
    1    0                     17
    6    0                     18
    8    0                     19
    7    0                     20
    1    0                     21
    6    0                     22
    1    0                     23
    1    0                     24
    1    0                     25

  1.0
 Dimethylalanine-dipeptide 
    0   25          Column not used by RESP (Added by R.E.D. for information)
    6    0                      1
    1    0                      2
    1    0                      3
    1    0                      4
    6    0                      5
    8    0                      6
    7    0                      7
    1    0                      8
    6    0                      9
    6    0                     10
    1    0                     11
    1    0                     12
    1    0                     13
    6    0                     14
    1    0                     15
    1    0                     16
    1    0                     17
    6    0                     18
    8    0                     19
    7    0                     20
    1    0                     21
    6    0                     22
    1    0                     23
    1    0                     24
    1    0                     25

  1.0
 Dimethylalanine-dipeptide 
    0   25
    6    0                      1
    1    0                      2
    1    0                      3
    1    0                      4
    6    0                      5
    8    0                      6
    7    0                      7
    1    0                      8
    6    0                      9
    6    0                     10
    1    0                     11
    1    0                     12
    1    0                     13
    6    0                     14
    1    0                     15
    1    0                     16
    1    0                     17
    6    0                     18
    8    0                     19
    7    0                     20
    1    0                     21
    6    0                     22
    1    0                     23
    1    0                     24
    1    0                     25

  1.0
 Dimethylalanine-dipeptide 
    0   25
    6    0                      1
    1    0                      2
    1    0                      3
    1    0                      4
    6    0                      5
    8    0                      6
    7    0                      7
    1    0                      8
    6    0                      9
    6    0                     10
    1    0                     11
    1    0                     12
    1    0                     13
    6    0                     14
    1    0                     15
    1    0                     16
    1    0                     17
    6    0                     18
    8    0                     19
    7    0                     20
    1    0                     21
    6    0                     22
    1    0                     23
    1    0                     24
    1    0                     25

  1.0
 Dimethylalanine-dipeptide 
    0   25
    6    0                      1
    1    0                      2
    1    0                      3
    1    0                      4
    6    0                      5
    8    0                      6
    7    0                      7
    1    0                      8
    6    0                      9
    6    0                     10
    1    0                     11
    1    0                     12
    1    0                     13
    6    0                     14
    1    0                     15
    1    0                     16
    1    0                     17
    6    0                     18
    8    0                     19
    7    0                     20
    1    0                     21
    6    0                     22
    1    0                     23
    1    0                     24
    1    0                     25

  1.0
 Dimethylalanine-dipeptide 
    0   25
    6    0                      1
    1    0                      2
    1    0                      3
    1    0                      4
    6    0                      5
    8    0                      6
    7    0                      7
    1    0                      8
    6    0                      9
    6    0                     10
    1    0                     11
    1    0                     12
    1    0                     13
    6    0                     14
    1    0                     15
    1    0                     16
    1    0                     17
    6    0                     18
    8    0                     19
    7    0                     20
    1    0                     21
    6    0                     22
    1    0                     23
    1    0                     24
    1    0                     25

  1.0
 Dimethylalanine-dipeptide 
    0   25
    6    0                      1
    1    0                      2
    1    0                      3
    1    0                      4
    6    0                      5
    8    0                      6
    7    0                      7
    1    0                      8
    6    0                      9
    6    0                     10
    1    0                     11
    1    0                     12
    1    0                     13
    6    0                     14
    1    0                     15
    1    0                     16
    1    0                     17
    6    0                     18
    8    0                     19
    7    0                     20
    1    0                     21
    6    0                     22
    1    0                     23
    1    0                     24
    1    0                     25

  1.0
 Dimethylalanine-dipeptide 
    0   25
    6    0                      1
    1    0                      2
    1    0                      3
    1    0                      4
    6    0                      5
    8    0                      6
    7    0                      7
    1    0                      8
    6    0                      9
    6    0                     10
    1    0                     11
    1    0                     12
    1    0                     13
    6    0                     14
    1    0                     15
    1    0                     16
    1    0                     17
    6    0                     18
    8    0                     19
    7    0                     20
    1    0                     21
    6    0                     22
    1    0                     23
    1    0                     24
    1    0                     25

  1.0
 Dimethylalanine-dipeptide 
    0   25
    6    0                      1
    1    0                      2
    1    0                      3
    1    0                      4
    6    0                      5
    8    0                      6
    7    0                      7
    1    0                      8
    6    0                      9
    6    0                     10
    1    0                     11
    1    0                     12
    1    0                     13
    6    0                     14
    1    0                     15
    1    0                     16
    1    0                     17
    6    0                     18
    8    0                     19
    7    0                     20
    1    0                     21
    6    0                     22
    1    0                     23
    1    0                     24
    1    0                     25

                    Inter-'molecular' charge equivalencing (i.e. for different orientations or conformations)
    4
    1    1    2    1    3    1    4    1
    4
    1    2    2    2    3    2    4    2
    4
    1    3    2    3    3    3    4    3
    4
    1    4    2    4    3    4    4    4
    4
    1    5    2    5    3    5    4    5
    4
    1    6    2    6    3    6    4    6
    4
    1    7    2    7    3    7    4    7
    4
    1    8    2    8    3    8    4    8
    4
    1    9    2    9    3    9    4    9
    4
    1   10    2   10    3   10    4   10
    4
    1   11    2   11    3   11    4   11
    4
    1   12    2   12    3   12    4   12
    4
    1   13    2   13    3   13    4   13
    4
    1   14    2   14    3   14    4   14
    4
    1   15    2   15    3   15    4   15
    4
    1   16    2   16    3   16    4   16
    4
    1   17    2   17    3   17    4   17
    4
    1   18    2   18    3   18    4   18
    4
    1   19    2   19    3   19    4   19
    4
    1   20    2   20    3   20    4   20
    4
    1   21    2   21    3   21    4   21
    4
    1   22    2   22    3   22    4   22
    4
    1   23    2   23    3   23    4   23
    4
    1   24    2   24    3   24    4   24
    4
    1   25    2   25    3   25    4   25
    4
    5    1    6    1    7    1    8    1
    4
    5    2    6    2    7    2    8    2
    4
    5    3    6    3    7    3    8    3
    4
    5    4    6    4    7    4    8    4
    4
    5    5    6    5    7    5    8    5
    4
    5    6    6    6    7    6    8    6
    4
    5    7    6    7    7    7    8    7
    4
    5    8    6    8    7    8    8    8
    4
    5    9    6    9    7    9    8    9
    4
    5   10    6   10    7   10    8   10
    4
    5   11    6   11    7   11    8   11
    4
    5   12    6   12    7   12    8   12
    4
    5   13    6   13    7   13    8   13
    4
    5   14    6   14    7   14    8   14
    4
    5   15    6   15    7   15    8   15
    4
    5   16    6   16    7   16    8   16
    4
    5   17    6   17    7   17    8   17
    4
    5   18    6   18    7   18    8   18
    4
    5   19    6   19    7   19    8   19
    4
    5   20    6   20    7   20    8   20
    4
    5   21    6   21    7   21    8   21
    4
    5   22    6   22    7   22    8   22
    4
    5   23    6   23    7   23    8   23
    4
    5   24    6   24    7   24    8   24
    4
    5   25    6   25    7   25    8   25
    8
    9    1   10    1   11    1   12    1   13    1   14    1   15    1   16    1
    8
    9    2   10    2   11    2   12    2   13    2   14    2   15    2   16    2
    8
    9    3   10    3   11    3   12    3   13    3   14    3   15    3   16    3
    8
    9    4   10    4   11    4   12    4   13    4   14    4   15    4   16    4
    8
    9    5   10    5   11    5   12    5   13    5   14    5   15    5   16    5
    8
    9    6   10    6   11    6   12    6   13    6   14    6   15    6   16    6
    8
    9    7   10    7   11    7   12    7   13    7   14    7   15    7   16    7
    8
    9    8   10    8   11    8   12    8   13    8   14    8   15    8   16    8
    8
    9    9   10    9   11    9   12    9   13    9   14    9   15    9   16    9
    8
    9   10   10   10   11   10   12   10   13   10   14   10   15   10   16   10
    8
    9   11   10   11   11   11   12   11   13   11   14   11   15   11   16   11
    8
    9   12   10   12   11   12   12   12   13   12   14   12   15   12   16   12
    8
    9   13   10   13   11   13   12   13   13   13   14   13   15   13   16   13
    8
    9   14   10   14   11   14   12   14   13   14   14   14   15   14   16   14
    8
    9   15   10   15   11   15   12   15   13   15   14   15   15   15   16   15
    8
    9   16   10   16   11   16   12   16   13   16   14   16   15   16   16   16
    8
    9   17   10   17   11   17   12   17   13   17   14   17   15   17   16   17
    8
    9   18   10   18   11   18   12   18   13   18   14   18   15   18   16   18
    8
    9   19   10   19   11   19   12   19   13   19   14   19   15   19   16   19
    8
    9   20   10   20   11   20   12   20   13   20   14   20   15   20   16   20
    8
    9   21   10   21   11   21   12   21   13   21   14   21   15   21   16   21
    8
    9   22   10   22   11   22   12   22   13   22   14   22   15   22   16   22
    8
    9   23   10   23   11   23   12   23   13   23   14   23   15   23   16   23
    8
    9   24   10   24   11   24   12   24   13   24   14   24   15   24   16   24
    8
    9   25   10   25   11   25   12   25   13   25   14   25   15   25   16   25






