
 Dimethylalanine-dipeptide                                                      

iqopt   irstrnt  ihfree     qwt
  1      1      1        0.000500

 rel.rms   dipole mom       Qxx      Qyy      Qzz
    0.08873   0.00000   0.00000   0.00000   0.00000

          Point charges before & after optimization
    NO   At.No.    q0           q(opt)   IVARY  d(rstr)/dq 
     1     6   0.000000      -0.283829    0    0.001661
     2     1   0.000000       0.062919    0    0.000000
     3     1   0.000000       0.096263    0    0.000000
     4     1   0.000000       0.094630    0    0.000000
     5     6   0.000000       0.676892    0    0.000731
     6     8   0.000000      -0.562781    0    0.000875
     7     7   0.000000      -0.598838    0    0.000824
     8     1   0.000000       0.329991    0    0.000000
     9     6   0.000000       0.092348    0    0.003673
    10     6   0.000000      -0.215092    0    0.002108
    11     1   0.000000       0.084921    0    0.000000
    12     1   0.000000       0.025436    0    0.000000
    13     1   0.000000       0.102953    0    0.000000
    14     6   0.000000      -0.168822    0    0.002548
    15     1   0.000000       0.053123    0    0.000000
    16     1   0.000000       0.085968    0    0.000000
    17     1   0.000000       0.050283    0    0.000000
    18     6   0.000000       0.685841    0    0.000721
    19     8   0.000000      -0.570759    0    0.000863
    20     7   0.000000      -0.482237    0    0.001015
    21     1   0.000000       0.296592    0    0.000000
    22     6   0.000000      -0.106548    0    0.003422
    23     1   0.000000       0.087804    0    0.000000
    24     1   0.000000       0.085373    0    0.000000
    25     1   0.000000       0.077572    0    0.000000
    26     6   0.000000      -0.283829    1    0.001661
    27     1   0.000000       0.062919    2    0.000000
    28     1   0.000000       0.096263    3    0.000000
    29     1   0.000000       0.094630    4    0.000000
    30     6   0.000000       0.676892    5    0.000731
    31     8   0.000000      -0.562781    6    0.000875
    32     7   0.000000      -0.598838    7    0.000824
    33     1   0.000000       0.329991    8    0.000000
    34     6   0.000000       0.092348    9    0.003673
    35     6   0.000000      -0.215092   10    0.002108
    36     1   0.000000       0.084921   11    0.000000
    37     1   0.000000       0.025436   12    0.000000
    38     1   0.000000       0.102953   13    0.000000
    39     6   0.000000      -0.168822   14    0.002548
    40     1   0.000000       0.053123   15    0.000000
    41     1   0.000000       0.085968   16    0.000000
    42     1   0.000000       0.050283   17    0.000000
    43     6   0.000000       0.685841   18    0.000721
    44     8   0.000000      -0.570759   19    0.000863
    45     7   0.000000      -0.482237   20    0.001015
    46     1   0.000000       0.296592   21    0.000000
    47     6   0.000000      -0.106548   22    0.003422
    48     1   0.000000       0.087804   23    0.000000
    49     1   0.000000       0.085373   24    0.000000
    50     1   0.000000       0.077572   25    0.000000
    51     6   0.000000      -0.283829    1    0.001661
    52     1   0.000000       0.062919    2    0.000000
    53     1   0.000000       0.096263    3    0.000000
    54     1   0.000000       0.094630    4    0.000000
    55     6   0.000000       0.676892    5    0.000731
    56     8   0.000000      -0.562781    6    0.000875
    57     7   0.000000      -0.598838    7    0.000824
    58     1   0.000000       0.329991    8    0.000000
    59     6   0.000000       0.092348    9    0.003673
    60     6   0.000000      -0.215092   10    0.002108
    61     1   0.000000       0.084921   11    0.000000
    62     1   0.000000       0.025436   12    0.000000
    63     1   0.000000       0.102953   13    0.000000
    64     6   0.000000      -0.168822   14    0.002548
    65     1   0.000000       0.053123   15    0.000000
    66     1   0.000000       0.085968   16    0.000000
    67     1   0.000000       0.050283   17    0.000000
    68     6   0.000000       0.685841   18    0.000721
    69     8   0.000000      -0.570759   19    0.000863
    70     7   0.000000      -0.482237   20    0.001015
    71     1   0.000000       0.296592   21    0.000000
    72     6   0.000000      -0.106548   22    0.003422
    73     1   0.000000       0.087804   23    0.000000
    74     1   0.000000       0.085373   24    0.000000
    75     1   0.000000       0.077572   25    0.000000
    76     6   0.000000      -0.283829    1    0.001661
    77     1   0.000000       0.062919    2    0.000000
    78     1   0.000000       0.096263    3    0.000000
    79     1   0.000000       0.094630    4    0.000000
    80     6   0.000000       0.676892    5    0.000731
    81     8   0.000000      -0.562781    6    0.000875
    82     7   0.000000      -0.598838    7    0.000824
    83     1   0.000000       0.329991    8    0.000000
    84     6   0.000000       0.092348    9    0.003673
    85     6   0.000000      -0.215092   10    0.002108
    86     1   0.000000       0.084921   11    0.000000
    87     1   0.000000       0.025436   12    0.000000
    88     1   0.000000       0.102953   13    0.000000
    89     6   0.000000      -0.168822   14    0.002548
    90     1   0.000000       0.053123   15    0.000000
    91     1   0.000000       0.085968   16    0.000000
    92     1   0.000000       0.050283   17    0.000000
    93     6   0.000000       0.685841   18    0.000721
    94     8   0.000000      -0.570759   19    0.000863
    95     7   0.000000      -0.482237   20    0.001015
    96     1   0.000000       0.296592   21    0.000000
    97     6   0.000000      -0.106548   22    0.003422
    98     1   0.000000       0.087804   23    0.000000
    99     1   0.000000       0.085373   24    0.000000
   100     1   0.000000       0.077572   25    0.000000
   101     6   0.000000      -0.443370    0    0.001100
   102     1   0.000000       0.116754    0    0.000000
   103     1   0.000000       0.137177    0    0.000000
   104     1   0.000000       0.135492    0    0.000000
   105     6   0.000000       0.634811    0    0.000778
   106     8   0.000000      -0.587105    0    0.000840
   107     7   0.000000      -0.353185    0    0.001362
   108     1   0.000000       0.227690    0    0.000000
   109     6   0.000000       0.035528    0    0.004711
   110     6   0.000000      -0.203689    0    0.002203
   111     1   0.000000       0.116923    0    0.000000
   112     1   0.000000       0.054353    0    0.000000
   113     1   0.000000       0.031911    0    0.000000
   114     6   0.000000      -0.203738    0    0.002203
   115     1   0.000000       0.031227    0    0.000000
   116     1   0.000000       0.055227    0    0.000000
   117     1   0.000000       0.117549    0    0.000000
   118     6   0.000000       0.652713    0    0.000757
   119     8   0.000000      -0.553718    0    0.000889
   120     7   0.000000      -0.482802    0    0.001014
   121     1   0.000000       0.358211    0    0.000000
   122     6   0.000000      -0.250423    0    0.001854
   123     1   0.000000       0.126977    0    0.000000
   124     1   0.000000       0.127238    0    0.000000
   125     1   0.000000       0.118246    0    0.000000
   126     6   0.000000      -0.443370  101    0.001100
   127     1   0.000000       0.116754  102    0.000000
   128     1   0.000000       0.137177  103    0.000000
   129     1   0.000000       0.135492  104    0.000000
   130     6   0.000000       0.634811  105    0.000778
   131     8   0.000000      -0.587105  106    0.000840
   132     7   0.000000      -0.353185  107    0.001362
   133     1   0.000000       0.227690  108    0.000000
   134     6   0.000000       0.035528  109    0.004711
   135     6   0.000000      -0.203689  110    0.002203
   136     1   0.000000       0.116923  111    0.000000
   137     1   0.000000       0.054353  112    0.000000
   138     1   0.000000       0.031911  113    0.000000
   139     6   0.000000      -0.203738  114    0.002203
   140     1   0.000000       0.031227  115    0.000000
   141     1   0.000000       0.055227  116    0.000000
   142     1   0.000000       0.117549  117    0.000000
   143     6   0.000000       0.652713  118    0.000757
   144     8   0.000000      -0.553718  119    0.000889
   145     7   0.000000      -0.482802  120    0.001014
   146     1   0.000000       0.358211  121    0.000000
   147     6   0.000000      -0.250423  122    0.001854
   148     1   0.000000       0.126977  123    0.000000
   149     1   0.000000       0.127238  124    0.000000
   150     1   0.000000       0.118246  125    0.000000
   151     6   0.000000      -0.443370  101    0.001100
   152     1   0.000000       0.116754  102    0.000000
   153     1   0.000000       0.137177  103    0.000000
   154     1   0.000000       0.135492  104    0.000000
   155     6   0.000000       0.634811  105    0.000778
   156     8   0.000000      -0.587105  106    0.000840
   157     7   0.000000      -0.353185  107    0.001362
   158     1   0.000000       0.227690  108    0.000000
   159     6   0.000000       0.035528  109    0.004711
   160     6   0.000000      -0.203689  110    0.002203
   161     1   0.000000       0.116923  111    0.000000
   162     1   0.000000       0.054353  112    0.000000
   163     1   0.000000       0.031911  113    0.000000
   164     6   0.000000      -0.203738  114    0.002203
   165     1   0.000000       0.031227  115    0.000000
   166     1   0.000000       0.055227  116    0.000000
   167     1   0.000000       0.117549  117    0.000000
   168     6   0.000000       0.652713  118    0.000757
   169     8   0.000000      -0.553718  119    0.000889
   170     7   0.000000      -0.482802  120    0.001014
   171     1   0.000000       0.358211  121    0.000000
   172     6   0.000000      -0.250423  122    0.001854
   173     1   0.000000       0.126977  123    0.000000
   174     1   0.000000       0.127238  124    0.000000
   175     1   0.000000       0.118246  125    0.000000
   176     6   0.000000      -0.443370  101    0.001100
   177     1   0.000000       0.116754  102    0.000000
   178     1   0.000000       0.137177  103    0.000000
   179     1   0.000000       0.135492  104    0.000000
   180     6   0.000000       0.634811  105    0.000778
   181     8   0.000000      -0.587105  106    0.000840
   182     7   0.000000      -0.353185  107    0.001362
   183     1   0.000000       0.227690  108    0.000000
   184     6   0.000000       0.035528  109    0.004711
   185     6   0.000000      -0.203689  110    0.002203
   186     1   0.000000       0.116923  111    0.000000
   187     1   0.000000       0.054353  112    0.000000
   188     1   0.000000       0.031911  113    0.000000
   189     6   0.000000      -0.203738  114    0.002203
   190     1   0.000000       0.031227  115    0.000000
   191     1   0.000000       0.055227  116    0.000000
   192     1   0.000000       0.117549  117    0.000000
   193     6   0.000000       0.652713  118    0.000757
   194     8   0.000000      -0.553718  119    0.000889
   195     7   0.000000      -0.482802  120    0.001014
   196     1   0.000000       0.358211  121    0.000000
   197     6   0.000000      -0.250423  122    0.001854
   198     1   0.000000       0.126977  123    0.000000
   199     1   0.000000       0.127238  124    0.000000
   200     1   0.000000       0.118246  125    0.000000
   201     6   0.000000      -0.368393    0    0.001310
   202     1   0.000000       0.096523    0    0.000000
   203     1   0.000000       0.112328    0    0.000000
   204     1   0.000000       0.108709    0    0.000000
   205     6   0.000000       0.711153    0    0.000696
   206     8   0.000000      -0.569097    0    0.000865
   207     7   0.000000      -0.571126    0    0.000862
   208     1   0.000000       0.284452    0    0.000000
   209     6   0.000000       0.129510    0    0.003055
   210     6   0.000000      -0.179707    0    0.002431
   211     1   0.000000       0.078713    0    0.000000
   212     1   0.000000       0.035945    0    0.000000
   213     1   0.000000       0.065911    0    0.000000
   214     6   0.000000      -0.181682    0    0.002411
   215     1   0.000000       0.049336    0    0.000000
   216     1   0.000000       0.064705    0    0.000000
   217     1   0.000000       0.066727    0    0.000000
   218     6   0.000000       0.716031    0    0.000692
   219     8   0.000000      -0.564856    0    0.000872
   220     7   0.000000      -0.559695    0    0.000879
   221     1   0.000000       0.311736    0    0.000000
   222     6   0.000000      -0.107904    0    0.003399
   223     1   0.000000       0.091694    0    0.000000
   224     1   0.000000       0.084592    0    0.000000
   225     1   0.000000       0.094391    0    0.000000
   226     6   0.000000      -0.368393  201    0.001310
   227     1   0.000000       0.096523  202    0.000000
   228     1   0.000000       0.112328  203    0.000000
   229     1   0.000000       0.108709  204    0.000000
   230     6   0.000000       0.711153  205    0.000696
   231     8   0.000000      -0.569097  206    0.000865
   232     7   0.000000      -0.571126  207    0.000862
   233     1   0.000000       0.284452  208    0.000000
   234     6   0.000000       0.129510  209    0.003055
   235     6   0.000000      -0.179707  210    0.002431
   236     1   0.000000       0.078713  211    0.000000
   237     1   0.000000       0.035945  212    0.000000
   238     1   0.000000       0.065911  213    0.000000
   239     6   0.000000      -0.181682  214    0.002411
   240     1   0.000000       0.049336  215    0.000000
   241     1   0.000000       0.064705  216    0.000000
   242     1   0.000000       0.066727  217    0.000000
   243     6   0.000000       0.716031  218    0.000692
   244     8   0.000000      -0.564856  219    0.000872
   245     7   0.000000      -0.559695  220    0.000879
   246     1   0.000000       0.311736  221    0.000000
   247     6   0.000000      -0.107904  222    0.003399
   248     1   0.000000       0.091694  223    0.000000
   249     1   0.000000       0.084592  224    0.000000
   250     1   0.000000       0.094391  225    0.000000
   251     6   0.000000      -0.368393  201    0.001310
   252     1   0.000000       0.096523  202    0.000000
   253     1   0.000000       0.112328  203    0.000000
   254     1   0.000000       0.108709  204    0.000000
   255     6   0.000000       0.711153  205    0.000696
   256     8   0.000000      -0.569097  206    0.000865
   257     7   0.000000      -0.571126  207    0.000862
   258     1   0.000000       0.284452  208    0.000000
   259     6   0.000000       0.129510  209    0.003055
   260     6   0.000000      -0.179707  210    0.002431
   261     1   0.000000       0.078713  211    0.000000
   262     1   0.000000       0.035945  212    0.000000
   263     1   0.000000       0.065911  213    0.000000
   264     6   0.000000      -0.181682  214    0.002411
   265     1   0.000000       0.049336  215    0.000000
   266     1   0.000000       0.064705  216    0.000000
   267     1   0.000000       0.066727  217    0.000000
   268     6   0.000000       0.716031  218    0.000692
   269     8   0.000000      -0.564856  219    0.000872
   270     7   0.000000      -0.559695  220    0.000879
   271     1   0.000000       0.311736  221    0.000000
   272     6   0.000000      -0.107904  222    0.003399
   273     1   0.000000       0.091694  223    0.000000
   274     1   0.000000       0.084592  224    0.000000
   275     1   0.000000       0.094391  225    0.000000
   276     6   0.000000      -0.368393  201    0.001310
   277     1   0.000000       0.096523  202    0.000000
   278     1   0.000000       0.112328  203    0.000000
   279     1   0.000000       0.108709  204    0.000000
   280     6   0.000000       0.711153  205    0.000696
   281     8   0.000000      -0.569097  206    0.000865
   282     7   0.000000      -0.571126  207    0.000862
   283     1   0.000000       0.284452  208    0.000000
   284     6   0.000000       0.129510  209    0.003055
   285     6   0.000000      -0.179707  210    0.002431
   286     1   0.000000       0.078713  211    0.000000
   287     1   0.000000       0.035945  212    0.000000
   288     1   0.000000       0.065911  213    0.000000
   289     6   0.000000      -0.181682  214    0.002411
   290     1   0.000000       0.049336  215    0.000000
   291     1   0.000000       0.064705  216    0.000000
   292     1   0.000000       0.066727  217    0.000000
   293     6   0.000000       0.716031  218    0.000692
   294     8   0.000000      -0.564856  219    0.000872
   295     7   0.000000      -0.559695  220    0.000879
   296     1   0.000000       0.311736  221    0.000000
   297     6   0.000000      -0.107904  222    0.003399
   298     1   0.000000       0.091694  223    0.000000
   299     1   0.000000       0.084592  224    0.000000
   300     1   0.000000       0.094391  225    0.000000
   301     6   0.000000      -0.368393  201    0.001310
   302     1   0.000000       0.096523  202    0.000000
   303     1   0.000000       0.112328  203    0.000000
   304     1   0.000000       0.108709  204    0.000000
   305     6   0.000000       0.711153  205    0.000696
   306     8   0.000000      -0.569097  206    0.000865
   307     7   0.000000      -0.571126  207    0.000862
   308     1   0.000000       0.284452  208    0.000000
   309     6   0.000000       0.129510  209    0.003055
   310     6   0.000000      -0.179707  210    0.002431
   311     1   0.000000       0.078713  211    0.000000
   312     1   0.000000       0.035945  212    0.000000
   313     1   0.000000       0.065911  213    0.000000
   314     6   0.000000      -0.181682  214    0.002411
   315     1   0.000000       0.049336  215    0.000000
   316     1   0.000000       0.064705  216    0.000000
   317     1   0.000000       0.066727  217    0.000000
   318     6   0.000000       0.716031  218    0.000692
   319     8   0.000000      -0.564856  219    0.000872
   320     7   0.000000      -0.559695  220    0.000879
   321     1   0.000000       0.311736  221    0.000000
   322     6   0.000000      -0.107904  222    0.003399
   323     1   0.000000       0.091694  223    0.000000
   324     1   0.000000       0.084592  224    0.000000
   325     1   0.000000       0.094391  225    0.000000
   326     6   0.000000      -0.368393  201    0.001310
   327     1   0.000000       0.096523  202    0.000000
   328     1   0.000000       0.112328  203    0.000000
   329     1   0.000000       0.108709  204    0.000000
   330     6   0.000000       0.711153  205    0.000696
   331     8   0.000000      -0.569097  206    0.000865
   332     7   0.000000      -0.571126  207    0.000862
   333     1   0.000000       0.284452  208    0.000000
   334     6   0.000000       0.129510  209    0.003055
   335     6   0.000000      -0.179707  210    0.002431
   336     1   0.000000       0.078713  211    0.000000
   337     1   0.000000       0.035945  212    0.000000
   338     1   0.000000       0.065911  213    0.000000
   339     6   0.000000      -0.181682  214    0.002411
   340     1   0.000000       0.049336  215    0.000000
   341     1   0.000000       0.064705  216    0.000000
   342     1   0.000000       0.066727  217    0.000000
   343     6   0.000000       0.716031  218    0.000692
   344     8   0.000000      -0.564856  219    0.000872
   345     7   0.000000      -0.559695  220    0.000879
   346     1   0.000000       0.311736  221    0.000000
   347     6   0.000000      -0.107904  222    0.003399
   348     1   0.000000       0.091694  223    0.000000
   349     1   0.000000       0.084592  224    0.000000
   350     1   0.000000       0.094391  225    0.000000
   351     6   0.000000      -0.368393  201    0.001310
   352     1   0.000000       0.096523  202    0.000000
   353     1   0.000000       0.112328  203    0.000000
   354     1   0.000000       0.108709  204    0.000000
   355     6   0.000000       0.711153  205    0.000696
   356     8   0.000000      -0.569097  206    0.000865
   357     7   0.000000      -0.571126  207    0.000862
   358     1   0.000000       0.284452  208    0.000000
   359     6   0.000000       0.129510  209    0.003055
   360     6   0.000000      -0.179707  210    0.002431
   361     1   0.000000       0.078713  211    0.000000
   362     1   0.000000       0.035945  212    0.000000
   363     1   0.000000       0.065911  213    0.000000
   364     6   0.000000      -0.181682  214    0.002411
   365     1   0.000000       0.049336  215    0.000000
   366     1   0.000000       0.064705  216    0.000000
   367     1   0.000000       0.066727  217    0.000000
   368     6   0.000000       0.716031  218    0.000692
   369     8   0.000000      -0.564856  219    0.000872
   370     7   0.000000      -0.559695  220    0.000879
   371     1   0.000000       0.311736  221    0.000000
   372     6   0.000000      -0.107904  222    0.003399
   373     1   0.000000       0.091694  223    0.000000
   374     1   0.000000       0.084592  224    0.000000
   375     1   0.000000       0.094391  225    0.000000
   376     6   0.000000      -0.368393  201    0.001310
   377     1   0.000000       0.096523  202    0.000000
   378     1   0.000000       0.112328  203    0.000000
   379     1   0.000000       0.108709  204    0.000000
   380     6   0.000000       0.711153  205    0.000696
   381     8   0.000000      -0.569097  206    0.000865
   382     7   0.000000      -0.571126  207    0.000862
   383     1   0.000000       0.284452  208    0.000000
   384     6   0.000000       0.129510  209    0.003055
   385     6   0.000000      -0.179707  210    0.002431
   386     1   0.000000       0.078713  211    0.000000
   387     1   0.000000       0.035945  212    0.000000
   388     1   0.000000       0.065911  213    0.000000
   389     6   0.000000      -0.181682  214    0.002411
   390     1   0.000000       0.049336  215    0.000000
   391     1   0.000000       0.064705  216    0.000000
   392     1   0.000000       0.066727  217    0.000000
   393     6   0.000000       0.716031  218    0.000692
   394     8   0.000000      -0.564856  219    0.000872
   395     7   0.000000      -0.559695  220    0.000879
   396     1   0.000000       0.311736  221    0.000000
   397     6   0.000000      -0.107904  222    0.003399
   398     1   0.000000       0.091694  223    0.000000
   399     1   0.000000       0.084592  224    0.000000
   400     1   0.000000       0.094391  225    0.000000

        Statistics of the fitting:
  The initial sum of squares (ssvpot)                      6.910
  The residual sum of squares (chipot)                     0.054
  The std err of estimate (sqrt(chipot/N))               0.00728
  ESP relative RMS (SQRT(chipot/ssvpot))                 0.08873
