
 Dimethylalanine-dipeptide                                                      

iqopt   irstrnt  ihfree     qwt
  2      1      1        0.001000

 rel.rms   dipole mom       Qxx      Qyy      Qzz
    0.11884   0.00000   0.00000   0.00000   0.00000

          Point charges before & after optimization
    NO   At.No.    q0           q(opt)   IVARY  d(rstr)/dq 
     1     6  -0.283829      -0.157730    0    0.005355
     2     1   0.062919       0.046111    0    0.000000
     3     1   0.096263       0.046111    2    0.000000
     4     1   0.094630       0.046111    2    0.000000
     5     6   0.676892       0.676892   -1    0.001461
     6     8  -0.562781      -0.562781   -1    0.001749
     7     7  -0.598838      -0.598838   -1    0.001647
     8     1   0.329991       0.329991   -1    0.000000
     9     6   0.092348       0.092348   -1    0.007347
    10     6  -0.215092      -0.181980    0    0.004815
    11     1   0.084921       0.065482    0    0.000000
    12     1   0.025436       0.065482   11    0.000000
    13     1   0.102953       0.065482   11    0.000000
    14     6  -0.168822      -0.181980   10    0.004815
    15     1   0.053123       0.065482   11    0.000000
    16     1   0.085968       0.065482   11    0.000000
    17     1   0.050283       0.065482   11    0.000000
    18     6   0.685841       0.685841   -1    0.001443
    19     8  -0.570759      -0.570759   -1    0.001726
    20     7  -0.482237      -0.482237   -1    0.002030
    21     1   0.296592       0.296592   -1    0.000000
    22     6  -0.106548      -0.286970    0    0.003291
    23     1   0.087804       0.136795    0    0.000000
    24     1   0.085373       0.136795   23    0.000000
    25     1   0.077572       0.136795   23    0.000000
    26     6  -0.283829      -0.157730    1    0.005355
    27     1   0.062919       0.046111    2    0.000000
    28     1   0.096263       0.046111    2    0.000000
    29     1   0.094630       0.046111    2    0.000000
    30     6   0.676892       0.676892   -1    0.001461
    31     8  -0.562781      -0.562781   -1    0.001749
    32     7  -0.598838      -0.598838   -1    0.001647
    33     1   0.329991       0.329991   -1    0.000000
    34     6   0.092348       0.092348   -1    0.007347
    35     6  -0.215092      -0.181980   10    0.004815
    36     1   0.084921       0.065482   11    0.000000
    37     1   0.025436       0.065482   11    0.000000
    38     1   0.102953       0.065482   11    0.000000
    39     6  -0.168822      -0.181980   10    0.004815
    40     1   0.053123       0.065482   11    0.000000
    41     1   0.085968       0.065482   11    0.000000
    42     1   0.050283       0.065482   11    0.000000
    43     6   0.685841       0.685841   -1    0.001443
    44     8  -0.570759      -0.570759   -1    0.001726
    45     7  -0.482237      -0.482237   -1    0.002030
    46     1   0.296592       0.296592   -1    0.000000
    47     6  -0.106548      -0.286970   22    0.003291
    48     1   0.087804       0.136795   23    0.000000
    49     1   0.085373       0.136795   23    0.000000
    50     1   0.077572       0.136795   23    0.000000
    51     6  -0.283829      -0.157730    1    0.005355
    52     1   0.062919       0.046111    2    0.000000
    53     1   0.096263       0.046111    2    0.000000
    54     1   0.094630       0.046111    2    0.000000
    55     6   0.676892       0.676892   -1    0.001461
    56     8  -0.562781      -0.562781   -1    0.001749
    57     7  -0.598838      -0.598838   -1    0.001647
    58     1   0.329991       0.329991   -1    0.000000
    59     6   0.092348       0.092348   -1    0.007347
    60     6  -0.215092      -0.181980   10    0.004815
    61     1   0.084921       0.065482   11    0.000000
    62     1   0.025436       0.065482   11    0.000000
    63     1   0.102953       0.065482   11    0.000000
    64     6  -0.168822      -0.181980   10    0.004815
    65     1   0.053123       0.065482   11    0.000000
    66     1   0.085968       0.065482   11    0.000000
    67     1   0.050283       0.065482   11    0.000000
    68     6   0.685841       0.685841   -1    0.001443
    69     8  -0.570759      -0.570759   -1    0.001726
    70     7  -0.482237      -0.482237   -1    0.002030
    71     1   0.296592       0.296592   -1    0.000000
    72     6  -0.106548      -0.286970   22    0.003291
    73     1   0.087804       0.136795   23    0.000000
    74     1   0.085373       0.136795   23    0.000000
    75     1   0.077572       0.136795   23    0.000000
    76     6  -0.283829      -0.157730    1    0.005355
    77     1   0.062919       0.046111    2    0.000000
    78     1   0.096263       0.046111    2    0.000000
    79     1   0.094630       0.046111    2    0.000000
    80     6   0.676892       0.676892   -1    0.001461
    81     8  -0.562781      -0.562781   -1    0.001749
    82     7  -0.598838      -0.598838   -1    0.001647
    83     1   0.329991       0.329991   -1    0.000000
    84     6   0.092348       0.092348   -1    0.007347
    85     6  -0.215092      -0.181980   10    0.004815
    86     1   0.084921       0.065482   11    0.000000
    87     1   0.025436       0.065482   11    0.000000
    88     1   0.102953       0.065482   11    0.000000
    89     6  -0.168822      -0.181980   10    0.004815
    90     1   0.053123       0.065482   11    0.000000
    91     1   0.085968       0.065482   11    0.000000
    92     1   0.050283       0.065482   11    0.000000
    93     6   0.685841       0.685841   -1    0.001443
    94     8  -0.570759      -0.570759   -1    0.001726
    95     7  -0.482237      -0.482237   -1    0.002030
    96     1   0.296592       0.296592   -1    0.000000
    97     6  -0.106548      -0.286970   22    0.003291
    98     1   0.087804       0.136795   23    0.000000
    99     1   0.085373       0.136795   23    0.000000
   100     1   0.077572       0.136795   23    0.000000
   101     6  -0.443370      -0.232009    0    0.003958
   102     1   0.116754       0.069137    0    0.000000
   103     1   0.137177       0.069137  102    0.000000
   104     1   0.135492       0.069137  102    0.000000
   105     6   0.634811       0.634811   -1    0.001556
   106     8  -0.587105      -0.587105   -1    0.001679
   107     7  -0.353185      -0.353185   -1    0.002724
   108     1   0.227690       0.227690   -1    0.000000
   109     6   0.035528       0.035528   -1    0.009423
   110     6  -0.203689      -0.220840    0    0.004125
   111     1   0.116923       0.075063    0    0.000000
   112     1   0.054353       0.075063  111    0.000000
   113     1   0.031911       0.075063  111    0.000000
   114     6  -0.203738      -0.220840  110    0.004125
   115     1   0.031227       0.075063  111    0.000000
   116     1   0.055227       0.075063  111    0.000000
   117     1   0.117549       0.075063  111    0.000000
   118     6   0.652713       0.652713   -1    0.001514
   119     8  -0.553718      -0.553718   -1    0.001777
   120     7  -0.482802      -0.482802   -1    0.002028
   121     1   0.358211       0.358211   -1    0.000000
   122     6  -0.250423      -0.502233    0    0.001953
   123     1   0.126977       0.195330    0    0.000000
   124     1   0.127238       0.195330  123    0.000000
   125     1   0.118246       0.195330  123    0.000000
   126     6  -0.443370      -0.232009  101    0.003958
   127     1   0.116754       0.069137  102    0.000000
   128     1   0.137177       0.069137  102    0.000000
   129     1   0.135492       0.069137  102    0.000000
   130     6   0.634811       0.634811   -1    0.001556
   131     8  -0.587105      -0.587105   -1    0.001679
   132     7  -0.353185      -0.353185   -1    0.002724
   133     1   0.227690       0.227690   -1    0.000000
   134     6   0.035528       0.035528   -1    0.009423
   135     6  -0.203689      -0.220840  110    0.004125
   136     1   0.116923       0.075063  111    0.000000
   137     1   0.054353       0.075063  111    0.000000
   138     1   0.031911       0.075063  111    0.000000
   139     6  -0.203738      -0.220840  110    0.004125
   140     1   0.031227       0.075063  111    0.000000
   141     1   0.055227       0.075063  111    0.000000
   142     1   0.117549       0.075063  111    0.000000
   143     6   0.652713       0.652713   -1    0.001514
   144     8  -0.553718      -0.553718   -1    0.001777
   145     7  -0.482802      -0.482802   -1    0.002028
   146     1   0.358211       0.358211   -1    0.000000
   147     6  -0.250423      -0.502233  122    0.001953
   148     1   0.126977       0.195330  123    0.000000
   149     1   0.127238       0.195330  123    0.000000
   150     1   0.118246       0.195330  123    0.000000
   151     6  -0.443370      -0.232009  101    0.003958
   152     1   0.116754       0.069137  102    0.000000
   153     1   0.137177       0.069137  102    0.000000
   154     1   0.135492       0.069137  102    0.000000
   155     6   0.634811       0.634811   -1    0.001556
   156     8  -0.587105      -0.587105   -1    0.001679
   157     7  -0.353185      -0.353185   -1    0.002724
   158     1   0.227690       0.227690   -1    0.000000
   159     6   0.035528       0.035528   -1    0.009423
   160     6  -0.203689      -0.220840  110    0.004125
   161     1   0.116923       0.075063  111    0.000000
   162     1   0.054353       0.075063  111    0.000000
   163     1   0.031911       0.075063  111    0.000000
   164     6  -0.203738      -0.220840  110    0.004125
   165     1   0.031227       0.075063  111    0.000000
   166     1   0.055227       0.075063  111    0.000000
   167     1   0.117549       0.075063  111    0.000000
   168     6   0.652713       0.652713   -1    0.001514
   169     8  -0.553718      -0.553718   -1    0.001777
   170     7  -0.482802      -0.482802   -1    0.002028
   171     1   0.358211       0.358211   -1    0.000000
   172     6  -0.250423      -0.502233  122    0.001953
   173     1   0.126977       0.195330  123    0.000000
   174     1   0.127238       0.195330  123    0.000000
   175     1   0.118246       0.195330  123    0.000000
   176     6  -0.443370      -0.232009  101    0.003958
   177     1   0.116754       0.069137  102    0.000000
   178     1   0.137177       0.069137  102    0.000000
   179     1   0.135492       0.069137  102    0.000000
   180     6   0.634811       0.634811   -1    0.001556
   181     8  -0.587105      -0.587105   -1    0.001679
   182     7  -0.353185      -0.353185   -1    0.002724
   183     1   0.227690       0.227690   -1    0.000000
   184     6   0.035528       0.035528   -1    0.009423
   185     6  -0.203689      -0.220840  110    0.004125
   186     1   0.116923       0.075063  111    0.000000
   187     1   0.054353       0.075063  111    0.000000
   188     1   0.031911       0.075063  111    0.000000
   189     6  -0.203738      -0.220840  110    0.004125
   190     1   0.031227       0.075063  111    0.000000
   191     1   0.055227       0.075063  111    0.000000
   192     1   0.117549       0.075063  111    0.000000
   193     6   0.652713       0.652713   -1    0.001514
   194     8  -0.553718      -0.553718   -1    0.001777
   195     7  -0.482802      -0.482802   -1    0.002028
   196     1   0.358211       0.358211   -1    0.000000
   197     6  -0.250423      -0.502233  122    0.001953
   198     1   0.126977       0.195330  123    0.000000
   199     1   0.127238       0.195330  123    0.000000
   200     1   0.118246       0.195330  123    0.000000
   201     6  -0.368393      -0.313093    0    0.003043
   202     1   0.096523       0.089861    0    0.000000
   203     1   0.112328       0.089861  202    0.000000
   204     1   0.108709       0.089861  202    0.000000
   205     6   0.711153       0.711153   -1    0.001392
   206     8  -0.569097      -0.569097   -1    0.001731
   207     7  -0.571126      -0.571126   -1    0.001725
   208     1   0.284452       0.284452   -1    0.000000
   209     6   0.129510       0.129510   -1    0.006112
   210     6  -0.179707      -0.204995    0    0.004384
   211     1   0.078713       0.068728    0    0.000000
   212     1   0.035945       0.068728  211    0.000000
   213     1   0.065911       0.068728  211    0.000000
   214     6  -0.181682      -0.204995  210    0.004384
   215     1   0.049336       0.068728  211    0.000000
   216     1   0.064705       0.068728  211    0.000000
   217     1   0.066727       0.068728  211    0.000000
   218     6   0.716031       0.716031   -1    0.001383
   219     8  -0.564856      -0.564856   -1    0.001743
   220     7  -0.559695      -0.559695   -1    0.001759
   221     1   0.311736       0.311736   -1    0.000000
   222     6  -0.107904      -0.167355    0    0.005130
   223     1   0.091694       0.106795    0    0.000000
   224     1   0.084592       0.106795  223    0.000000
   225     1   0.094391       0.106795  223    0.000000
   226     6  -0.368393      -0.313093  201    0.003043
   227     1   0.096523       0.089861  202    0.000000
   228     1   0.112328       0.089861  202    0.000000
   229     1   0.108709       0.089861  202    0.000000
   230     6   0.711153       0.711153   -1    0.001392
   231     8  -0.569097      -0.569097   -1    0.001731
   232     7  -0.571126      -0.571126   -1    0.001725
   233     1   0.284452       0.284452   -1    0.000000
   234     6   0.129510       0.129510   -1    0.006112
   235     6  -0.179707      -0.204995  210    0.004384
   236     1   0.078713       0.068728  211    0.000000
   237     1   0.035945       0.068728  211    0.000000
   238     1   0.065911       0.068728  211    0.000000
   239     6  -0.181682      -0.204995  210    0.004384
   240     1   0.049336       0.068728  211    0.000000
   241     1   0.064705       0.068728  211    0.000000
   242     1   0.066727       0.068728  211    0.000000
   243     6   0.716031       0.716031   -1    0.001383
   244     8  -0.564856      -0.564856   -1    0.001743
   245     7  -0.559695      -0.559695   -1    0.001759
   246     1   0.311736       0.311736   -1    0.000000
   247     6  -0.107904      -0.167355  222    0.005130
   248     1   0.091694       0.106795  223    0.000000
   249     1   0.084592       0.106795  223    0.000000
   250     1   0.094391       0.106795  223    0.000000
   251     6  -0.368393      -0.313093  201    0.003043
   252     1   0.096523       0.089861  202    0.000000
   253     1   0.112328       0.089861  202    0.000000
   254     1   0.108709       0.089861  202    0.000000
   255     6   0.711153       0.711153   -1    0.001392
   256     8  -0.569097      -0.569097   -1    0.001731
   257     7  -0.571126      -0.571126   -1    0.001725
   258     1   0.284452       0.284452   -1    0.000000
   259     6   0.129510       0.129510   -1    0.006112
   260     6  -0.179707      -0.204995  210    0.004384
   261     1   0.078713       0.068728  211    0.000000
   262     1   0.035945       0.068728  211    0.000000
   263     1   0.065911       0.068728  211    0.000000
   264     6  -0.181682      -0.204995  210    0.004384
   265     1   0.049336       0.068728  211    0.000000
   266     1   0.064705       0.068728  211    0.000000
   267     1   0.066727       0.068728  211    0.000000
   268     6   0.716031       0.716031   -1    0.001383
   269     8  -0.564856      -0.564856   -1    0.001743
   270     7  -0.559695      -0.559695   -1    0.001759
   271     1   0.311736       0.311736   -1    0.000000
   272     6  -0.107904      -0.167355  222    0.005130
   273     1   0.091694       0.106795  223    0.000000
   274     1   0.084592       0.106795  223    0.000000
   275     1   0.094391       0.106795  223    0.000000
   276     6  -0.368393      -0.313093  201    0.003043
   277     1   0.096523       0.089861  202    0.000000
   278     1   0.112328       0.089861  202    0.000000
   279     1   0.108709       0.089861  202    0.000000
   280     6   0.711153       0.711153   -1    0.001392
   281     8  -0.569097      -0.569097   -1    0.001731
   282     7  -0.571126      -0.571126   -1    0.001725
   283     1   0.284452       0.284452   -1    0.000000
   284     6   0.129510       0.129510   -1    0.006112
   285     6  -0.179707      -0.204995  210    0.004384
   286     1   0.078713       0.068728  211    0.000000
   287     1   0.035945       0.068728  211    0.000000
   288     1   0.065911       0.068728  211    0.000000
   289     6  -0.181682      -0.204995  210    0.004384
   290     1   0.049336       0.068728  211    0.000000
   291     1   0.064705       0.068728  211    0.000000
   292     1   0.066727       0.068728  211    0.000000
   293     6   0.716031       0.716031   -1    0.001383
   294     8  -0.564856      -0.564856   -1    0.001743
   295     7  -0.559695      -0.559695   -1    0.001759
   296     1   0.311736       0.311736   -1    0.000000
   297     6  -0.107904      -0.167355  222    0.005130
   298     1   0.091694       0.106795  223    0.000000
   299     1   0.084592       0.106795  223    0.000000
   300     1   0.094391       0.106795  223    0.000000
   301     6  -0.368393      -0.313093  201    0.003043
   302     1   0.096523       0.089861  202    0.000000
   303     1   0.112328       0.089861  202    0.000000
   304     1   0.108709       0.089861  202    0.000000
   305     6   0.711153       0.711153   -1    0.001392
   306     8  -0.569097      -0.569097   -1    0.001731
   307     7  -0.571126      -0.571126   -1    0.001725
   308     1   0.284452       0.284452   -1    0.000000
   309     6   0.129510       0.129510   -1    0.006112
   310     6  -0.179707      -0.204995  210    0.004384
   311     1   0.078713       0.068728  211    0.000000
   312     1   0.035945       0.068728  211    0.000000
   313     1   0.065911       0.068728  211    0.000000
   314     6  -0.181682      -0.204995  210    0.004384
   315     1   0.049336       0.068728  211    0.000000
   316     1   0.064705       0.068728  211    0.000000
   317     1   0.066727       0.068728  211    0.000000
   318     6   0.716031       0.716031   -1    0.001383
   319     8  -0.564856      -0.564856   -1    0.001743
   320     7  -0.559695      -0.559695   -1    0.001759
   321     1   0.311736       0.311736   -1    0.000000
   322     6  -0.107904      -0.167355  222    0.005130
   323     1   0.091694       0.106795  223    0.000000
   324     1   0.084592       0.106795  223    0.000000
   325     1   0.094391       0.106795  223    0.000000
   326     6  -0.368393      -0.313093  201    0.003043
   327     1   0.096523       0.089861  202    0.000000
   328     1   0.112328       0.089861  202    0.000000
   329     1   0.108709       0.089861  202    0.000000
   330     6   0.711153       0.711153   -1    0.001392
   331     8  -0.569097      -0.569097   -1    0.001731
   332     7  -0.571126      -0.571126   -1    0.001725
   333     1   0.284452       0.284452   -1    0.000000
   334     6   0.129510       0.129510   -1    0.006112
   335     6  -0.179707      -0.204995  210    0.004384
   336     1   0.078713       0.068728  211    0.000000
   337     1   0.035945       0.068728  211    0.000000
   338     1   0.065911       0.068728  211    0.000000
   339     6  -0.181682      -0.204995  210    0.004384
   340     1   0.049336       0.068728  211    0.000000
   341     1   0.064705       0.068728  211    0.000000
   342     1   0.066727       0.068728  211    0.000000
   343     6   0.716031       0.716031   -1    0.001383
   344     8  -0.564856      -0.564856   -1    0.001743
   345     7  -0.559695      -0.559695   -1    0.001759
   346     1   0.311736       0.311736   -1    0.000000
   347     6  -0.107904      -0.167355  222    0.005130
   348     1   0.091694       0.106795  223    0.000000
   349     1   0.084592       0.106795  223    0.000000
   350     1   0.094391       0.106795  223    0.000000
   351     6  -0.368393      -0.313093  201    0.003043
   352     1   0.096523       0.089861  202    0.000000
   353     1   0.112328       0.089861  202    0.000000
   354     1   0.108709       0.089861  202    0.000000
   355     6   0.711153       0.711153   -1    0.001392
   356     8  -0.569097      -0.569097   -1    0.001731
   357     7  -0.571126      -0.571126   -1    0.001725
   358     1   0.284452       0.284452   -1    0.000000
   359     6   0.129510       0.129510   -1    0.006112
   360     6  -0.179707      -0.204995  210    0.004384
   361     1   0.078713       0.068728  211    0.000000
   362     1   0.035945       0.068728  211    0.000000
   363     1   0.065911       0.068728  211    0.000000
   364     6  -0.181682      -0.204995  210    0.004384
   365     1   0.049336       0.068728  211    0.000000
   366     1   0.064705       0.068728  211    0.000000
   367     1   0.066727       0.068728  211    0.000000
   368     6   0.716031       0.716031   -1    0.001383
   369     8  -0.564856      -0.564856   -1    0.001743
   370     7  -0.559695      -0.559695   -1    0.001759
   371     1   0.311736       0.311736   -1    0.000000
   372     6  -0.107904      -0.167355  222    0.005130
   373     1   0.091694       0.106795  223    0.000000
   374     1   0.084592       0.106795  223    0.000000
   375     1   0.094391       0.106795  223    0.000000
   376     6  -0.368393      -0.313093  201    0.003043
   377     1   0.096523       0.089861  202    0.000000
   378     1   0.112328       0.089861  202    0.000000
   379     1   0.108709       0.089861  202    0.000000
   380     6   0.711153       0.711153   -1    0.001392
   381     8  -0.569097      -0.569097   -1    0.001731
   382     7  -0.571126      -0.571126   -1    0.001725
   383     1   0.284452       0.284452   -1    0.000000
   384     6   0.129510       0.129510   -1    0.006112
   385     6  -0.179707      -0.204995  210    0.004384
   386     1   0.078713       0.068728  211    0.000000
   387     1   0.035945       0.068728  211    0.000000
   388     1   0.065911       0.068728  211    0.000000
   389     6  -0.181682      -0.204995  210    0.004384
   390     1   0.049336       0.068728  211    0.000000
   391     1   0.064705       0.068728  211    0.000000
   392     1   0.066727       0.068728  211    0.000000
   393     6   0.716031       0.716031   -1    0.001383
   394     8  -0.564856      -0.564856   -1    0.001743
   395     7  -0.559695      -0.559695   -1    0.001759
   396     1   0.311736       0.311736   -1    0.000000
   397     6  -0.107904      -0.167355  222    0.005130
   398     1   0.091694       0.106795  223    0.000000
   399     1   0.084592       0.106795  223    0.000000
   400     1   0.094391       0.106795  223    0.000000

        Statistics of the fitting:
  The initial sum of squares (ssvpot)                      6.910
  The residual sum of squares (chipot)                     0.098
  The std err of estimate (sqrt(chipot/N))               0.00975
  ESP relative RMS (SQRT(chipot/ssvpot))                 0.11884
