 -0.283829  0.062919  0.096263  0.094630  0.676892 -0.562781 -0.598838  0.329991
  0.092348 -0.215092  0.084921  0.025436  0.102953 -0.168822  0.053123  0.085968
  0.050283  0.685841 -0.570759 -0.482237  0.296592 -0.106548  0.087804  0.085373
  0.077572 -0.283829  0.062919  0.096263  0.094630  0.676892 -0.562781 -0.598838
  0.329991  0.092348 -0.215092  0.084921  0.025436  0.102953 -0.168822  0.053123
  0.085968  0.050283  0.685841 -0.570759 -0.482237  0.296592 -0.106548  0.087804
  0.085373  0.077572 -0.283829  0.062919  0.096263  0.094630  0.676892 -0.562781
 -0.598838  0.329991  0.092348 -0.215092  0.084921  0.025436  0.102953 -0.168822
  0.053123  0.085968  0.050283  0.685841 -0.570759 -0.482237  0.296592 -0.106548
  0.087804  0.085373  0.077572 -0.283829  0.062919  0.096263  0.094630  0.676892
 -0.562781 -0.598838  0.329991  0.092348 -0.215092  0.084921  0.025436  0.102953
 -0.168822  0.053123  0.085968  0.050283  0.685841 -0.570759 -0.482237  0.296592
 -0.106548  0.087804  0.085373  0.077572 -0.443370  0.116754  0.137177  0.135492
  0.634811 -0.587105 -0.353185  0.227690  0.035528 -0.203689  0.116923  0.054353
  0.031911 -0.203738  0.031227  0.055227  0.117549  0.652713 -0.553718 -0.482802
  0.358211 -0.250423  0.126977  0.127238  0.118246 -0.443370  0.116754  0.137177
  0.135492  0.634811 -0.587105 -0.353185  0.227690  0.035528 -0.203689  0.116923
  0.054353  0.031911 -0.203738  0.031227  0.055227  0.117549  0.652713 -0.553718
 -0.482802  0.358211 -0.250423  0.126977  0.127238  0.118246 -0.443370  0.116754
  0.137177  0.135492  0.634811 -0.587105 -0.353185  0.227690  0.035528 -0.203689
  0.116923  0.054353  0.031911 -0.203738  0.031227  0.055227  0.117549  0.652713
 -0.553718 -0.482802  0.358211 -0.250423  0.126977  0.127238  0.118246 -0.443370
  0.116754  0.137177  0.135492  0.634811 -0.587105 -0.353185  0.227690  0.035528
 -0.203689  0.116923  0.054353  0.031911 -0.203738  0.031227  0.055227  0.117549
  0.652713 -0.553718 -0.482802  0.358211 -0.250423  0.126977  0.127238  0.118246
 -0.368393  0.096523  0.112328  0.108709  0.711153 -0.569097 -0.571126  0.284452
  0.129510 -0.179707  0.078713  0.035945  0.065911 -0.181682  0.049336  0.064705
  0.066727  0.716031 -0.564856 -0.559695  0.311736 -0.107904  0.091694  0.084592
  0.094391 -0.368393  0.096523  0.112328  0.108709  0.711153 -0.569097 -0.571126
  0.284452  0.129510 -0.179707  0.078713  0.035945  0.065911 -0.181682  0.049336
  0.064705  0.066727  0.716031 -0.564856 -0.559695  0.311736 -0.107904  0.091694
  0.084592  0.094391 -0.368393  0.096523  0.112328  0.108709  0.711153 -0.569097
 -0.571126  0.284452  0.129510 -0.179707  0.078713  0.035945  0.065911 -0.181682
  0.049336  0.064705  0.066727  0.716031 -0.564856 -0.559695  0.311736 -0.107904
  0.091694  0.084592  0.094391 -0.368393  0.096523  0.112328  0.108709  0.711153
 -0.569097 -0.571126  0.284452  0.129510 -0.179707  0.078713  0.035945  0.065911
 -0.181682  0.049336  0.064705  0.066727  0.716031 -0.564856 -0.559695  0.311736
 -0.107904  0.091694  0.084592  0.094391 -0.368393  0.096523  0.112328  0.108709
  0.711153 -0.569097 -0.571126  0.284452  0.129510 -0.179707  0.078713  0.035945
  0.065911 -0.181682  0.049336  0.064705  0.066727  0.716031 -0.564856 -0.559695
  0.311736 -0.107904  0.091694  0.084592  0.094391 -0.368393  0.096523  0.112328
  0.108709  0.711153 -0.569097 -0.571126  0.284452  0.129510 -0.179707  0.078713
  0.035945  0.065911 -0.181682  0.049336  0.064705  0.066727  0.716031 -0.564856
 -0.559695  0.311736 -0.107904  0.091694  0.084592  0.094391 -0.368393  0.096523
  0.112328  0.108709  0.711153 -0.569097 -0.571126  0.284452  0.129510 -0.179707
  0.078713  0.035945  0.065911 -0.181682  0.049336  0.064705  0.066727  0.716031
 -0.564856 -0.559695  0.311736 -0.107904  0.091694  0.084592  0.094391 -0.368393
  0.096523  0.112328  0.108709  0.711153 -0.569097 -0.571126  0.284452  0.129510
 -0.179707  0.078713  0.035945  0.065911 -0.181682  0.049336  0.064705  0.066727
  0.716031 -0.564856 -0.559695  0.311736 -0.107904  0.091694  0.084592  0.094391
