 -0.157730  0.046111  0.046111  0.046111  0.676892 -0.562781 -0.598838  0.329991
  0.092348 -0.181980  0.065482  0.065482  0.065482 -0.181980  0.065482  0.065482
  0.065482  0.685841 -0.570759 -0.482237  0.296592 -0.286970  0.136795  0.136795
  0.136795 -0.157730  0.046111  0.046111  0.046111  0.676892 -0.562781 -0.598838
  0.329991  0.092348 -0.181980  0.065482  0.065482  0.065482 -0.181980  0.065482
  0.065482  0.065482  0.685841 -0.570759 -0.482237  0.296592 -0.286970  0.136795
  0.136795  0.136795 -0.157730  0.046111  0.046111  0.046111  0.676892 -0.562781
 -0.598838  0.329991  0.092348 -0.181980  0.065482  0.065482  0.065482 -0.181980
  0.065482  0.065482  0.065482  0.685841 -0.570759 -0.482237  0.296592 -0.286970
  0.136795  0.136795  0.136795 -0.157730  0.046111  0.046111  0.046111  0.676892
 -0.562781 -0.598838  0.329991  0.092348 -0.181980  0.065482  0.065482  0.065482
 -0.181980  0.065482  0.065482  0.065482  0.685841 -0.570759 -0.482237  0.296592
 -0.286970  0.136795  0.136795  0.136795 -0.232009  0.069137  0.069137  0.069137
  0.634811 -0.587105 -0.353185  0.227690  0.035528 -0.220840  0.075063  0.075063
  0.075063 -0.220840  0.075063  0.075063  0.075063  0.652713 -0.553718 -0.482802
  0.358211 -0.502233  0.195330  0.195330  0.195330 -0.232009  0.069137  0.069137
  0.069137  0.634811 -0.587105 -0.353185  0.227690  0.035528 -0.220840  0.075063
  0.075063  0.075063 -0.220840  0.075063  0.075063  0.075063  0.652713 -0.553718
 -0.482802  0.358211 -0.502233  0.195330  0.195330  0.195330 -0.232009  0.069137
  0.069137  0.069137  0.634811 -0.587105 -0.353185  0.227690  0.035528 -0.220840
  0.075063  0.075063  0.075063 -0.220840  0.075063  0.075063  0.075063  0.652713
 -0.553718 -0.482802  0.358211 -0.502233  0.195330  0.195330  0.195330 -0.232009
  0.069137  0.069137  0.069137  0.634811 -0.587105 -0.353185  0.227690  0.035528
 -0.220840  0.075063  0.075063  0.075063 -0.220840  0.075063  0.075063  0.075063
  0.652713 -0.553718 -0.482802  0.358211 -0.502233  0.195330  0.195330  0.195330
 -0.313093  0.089861  0.089861  0.089861  0.711153 -0.569097 -0.571126  0.284452
  0.129510 -0.204995  0.068728  0.068728  0.068728 -0.204995  0.068728  0.068728
  0.068728  0.716031 -0.564856 -0.559695  0.311736 -0.167355  0.106795  0.106795
  0.106795 -0.313093  0.089861  0.089861  0.089861  0.711153 -0.569097 -0.571126
  0.284452  0.129510 -0.204995  0.068728  0.068728  0.068728 -0.204995  0.068728
  0.068728  0.068728  0.716031 -0.564856 -0.559695  0.311736 -0.167355  0.106795
  0.106795  0.106795 -0.313093  0.089861  0.089861  0.089861  0.711153 -0.569097
 -0.571126  0.284452  0.129510 -0.204995  0.068728  0.068728  0.068728 -0.204995
  0.068728  0.068728  0.068728  0.716031 -0.564856 -0.559695  0.311736 -0.167355
  0.106795  0.106795  0.106795 -0.313093  0.089861  0.089861  0.089861  0.711153
 -0.569097 -0.571126  0.284452  0.129510 -0.204995  0.068728  0.068728  0.068728
 -0.204995  0.068728  0.068728  0.068728  0.716031 -0.564856 -0.559695  0.311736
 -0.167355  0.106795  0.106795  0.106795 -0.313093  0.089861  0.089861  0.089861
  0.711153 -0.569097 -0.571126  0.284452  0.129510 -0.204995  0.068728  0.068728
  0.068728 -0.204995  0.068728  0.068728  0.068728  0.716031 -0.564856 -0.559695
  0.311736 -0.167355  0.106795  0.106795  0.106795 -0.313093  0.089861  0.089861
  0.089861  0.711153 -0.569097 -0.571126  0.284452  0.129510 -0.204995  0.068728
  0.068728  0.068728 -0.204995  0.068728  0.068728  0.068728  0.716031 -0.564856
 -0.559695  0.311736 -0.167355  0.106795  0.106795  0.106795 -0.313093  0.089861
  0.089861  0.089861  0.711153 -0.569097 -0.571126  0.284452  0.129510 -0.204995
  0.068728  0.068728  0.068728 -0.204995  0.068728  0.068728  0.068728  0.716031
 -0.564856 -0.559695  0.311736 -0.167355  0.106795  0.106795  0.106795 -0.313093
  0.089861  0.089861  0.089861  0.711153 -0.569097 -0.571126  0.284452  0.129510
 -0.204995  0.068728  0.068728  0.068728 -0.204995  0.068728  0.068728  0.068728
  0.716031 -0.564856 -0.559695  0.311736 -0.167355  0.106795  0.106795  0.106795
