
 -----------------------------------------------
      Restrained ESP Fit 2.3  Amber 4.1
 -----------------------------------------------
  RESP-A1 project. RESP input generated by R.E.D.                                
 -----------------------------------------------


 inopt       =     0   ioutopt     =     1
 nmol        =     8   iqopt       =     2
 ihfree      =     1   irstrnt     =     1
 iunits      =     0   qwt         =   0.00100000

 %RESP-I-MULT_MOL,  multiple-molecule run of   8 molecules

 Reading input for molecule   1 weight:     1.000
 Dimethylalanine-dipeptide                                                      

 Total charge (ich):  0
 Number of centers: 25
    1    6    0
    2    1    0
    3    1    2
    4    1    2
    5    6   -1
    6    8   -1
    7    7   -1
    8    1   -1
    9    6   -1
   10    6    0
   11    1    0
   12    1   11
   13    1   11
   14    6   10
   15    1   11
   16    1   11
   17    1   11
   18    6   -1
   19    8   -1
   20    7   -1
   21    1   -1
   22    6    0
   23    1    0
   24    1   23
   25    1   23

 Reading input for molecule   2 weight:     1.000
 Dimethylalanine-dipeptide                                                      

 Total charge (ich):  0
 Number of centers: 25
   26    6    0
   27    1    0
   28    1    2
   29    1    2
   30    6   -1
   31    8   -1
   32    7   -1
   33    1   -1
   34    6   -1
   35    6    0
   36    1    0
   37    1   11
   38    1   11
   39    6   10
   40    1   11
   41    1   11
   42    1   11
   43    6   -1
   44    8   -1
   45    7   -1
   46    1   -1
   47    6    0
   48    1    0
   49    1   23
   50    1   23

 Reading input for molecule   3 weight:     1.000
 Dimethylalanine-dipeptide                                                      

 Total charge (ich):  0
 Number of centers: 25
   51    6    0
   52    1    0
   53    1    2
   54    1    2
   55    6   -1
   56    8   -1
   57    7   -1
   58    1   -1
   59    6   -1
   60    6    0
   61    1    0
   62    1   11
   63    1   11
   64    6   10
   65    1   11
   66    1   11
   67    1   11
   68    6   -1
   69    8   -1
   70    7   -1
   71    1   -1
   72    6    0
   73    1    0
   74    1   23
   75    1   23

 Reading input for molecule   4 weight:     1.000
 Dimethylalanine-dipeptide                                                      

 Total charge (ich):  0
 Number of centers: 25
   76    6    0
   77    1    0
   78    1    2
   79    1    2
   80    6   -1
   81    8   -1
   82    7   -1
   83    1   -1
   84    6   -1
   85    6    0
   86    1    0
   87    1   11
   88    1   11
   89    6   10
   90    1   11
   91    1   11
   92    1   11
   93    6   -1
   94    8   -1
   95    7   -1
   96    1   -1
   97    6    0
   98    1    0
   99    1   23
  100    1   23

 Reading input for molecule   5 weight:     1.000
 Dimethylalanine-dipeptide                                                      

 Total charge (ich):  0
 Number of centers: 25
  101    6    0
  102    1    0
  103    1    2
  104    1    2
  105    6   -1
  106    8   -1
  107    7   -1
  108    1   -1
  109    6   -1
  110    6    0
  111    1    0
  112    1   11
  113    1   11
  114    6   10
  115    1   11
  116    1   11
  117    1   11
  118    6   -1
  119    8   -1
  120    7   -1
  121    1   -1
  122    6    0
  123    1    0
  124    1   23
  125    1   23

 Reading input for molecule   6 weight:     1.000
 Dimethylalanine-dipeptide                                                      

 Total charge (ich):  0
 Number of centers: 25
  126    6    0
  127    1    0
  128    1    2
  129    1    2
  130    6   -1
  131    8   -1
  132    7   -1
  133    1   -1
  134    6   -1
  135    6    0
  136    1    0
  137    1   11
  138    1   11
  139    6   10
  140    1   11
  141    1   11
  142    1   11
  143    6   -1
  144    8   -1
  145    7   -1
  146    1   -1
  147    6    0
  148    1    0
  149    1   23
  150    1   23

 Reading input for molecule   7 weight:     1.000
 Dimethylalanine-dipeptide                                                      

 Total charge (ich):  0
 Number of centers: 25
  151    6    0
  152    1    0
  153    1    2
  154    1    2
  155    6   -1
  156    8   -1
  157    7   -1
  158    1   -1
  159    6   -1
  160    6    0
  161    1    0
  162    1   11
  163    1   11
  164    6   10
  165    1   11
  166    1   11
  167    1   11
  168    6   -1
  169    8   -1
  170    7   -1
  171    1   -1
  172    6    0
  173    1    0
  174    1   23
  175    1   23

 Reading input for molecule   8 weight:     1.000
 Dimethylalanine-dipeptide                                                      

 Total charge (ich):  0
 Number of centers: 25
  176    6    0
  177    1    0
  178    1    2
  179    1    2
  180    6   -1
  181    8   -1
  182    7   -1
  183    1   -1
  184    6   -1
  185    6    0
  186    1    0
  187    1   11
  188    1   11
  189    6   10
  190    1   11
  191    1   11
  192    1   11
  193    6   -1
  194    8   -1
  195    7   -1
  196    1   -1
  197    6    0
  198    1    0
  199    1   23
  200    1   23
  since IQOPT=1, 200 new q0 values
  will be read in from file ESP.Q0 (unit 3)
 --------------------------------
 reading mult_mol constraint info
 --------------------------------
    1    1    2    1    3    1    4    1    5    1    6    1    7    1    8    1
    1    2    2    2    3    2    4    2    5    2    6    2    7    2    8    2
    1   10    2   10    3   10    4   10    5   10    6   10    7   10    8   10
    1   11    2   11    3   11    4   11    5   11    6   11    7   11    8   11
    1   22    2   22    3   22    4   22    5   22    6   22    7   22    8   22
    1   23    2   23    3   23    4   23    5   23    6   23    7   23    8   23

  --------------------
     Atom   Ivary
  --------------------
    6    0
    1    0
    1    2
    1    2
    6   -1
    8   -1
    7   -1
    1   -1
    6   -1
    6    0
    1    0
    1   11
    1   11
    6   10
    1   11
    1   11
    1   11
    6   -1
    8   -1
    7   -1
    1   -1
    6    0
    1    0
    1   23
    1   23

    6    1
    1    2
    1    2
    1    2
    6   -1
    8   -1
    7   -1
    1   -1
    6   -1
    6   10
    1   11
    1   11
    1   11
    6   10
    1   11
    1   11
    1   11
    6   -1
    8   -1
    7   -1
    1   -1
    6   22
    1   23
    1   23
    1   23

    6    1
    1    2
    1    2
    1    2
    6   -1
    8   -1
    7   -1
    1   -1
    6   -1
    6   10
    1   11
    1   11
    1   11
    6   10
    1   11
    1   11
    1   11
    6   -1
    8   -1
    7   -1
    1   -1
    6   22
    1   23
    1   23
    1   23

    6    1
    1    2
    1    2
    1    2
    6   -1
    8   -1
    7   -1
    1   -1
    6   -1
    6   10
    1   11
    1   11
    1   11
    6   10
    1   11
    1   11
    1   11
    6   -1
    8   -1
    7   -1
    1   -1
    6   22
    1   23
    1   23
    1   23

    6    1
    1    2
    1    2
    1    2
    6   -1
    8   -1
    7   -1
    1   -1
    6   -1
    6   10
    1   11
    1   11
    1   11
    6   10
    1   11
    1   11
    1   11
    6   -1
    8   -1
    7   -1
    1   -1
    6   22
    1   23
    1   23
    1   23

    6    1
    1    2
    1    2
    1    2
    6   -1
    8   -1
    7   -1
    1   -1
    6   -1
    6   10
    1   11
    1   11
    1   11
    6   10
    1   11
    1   11
    1   11
    6   -1
    8   -1
    7   -1
    1   -1
    6   22
    1   23
    1   23
    1   23

    6    1
    1    2
    1    2
    1    2
    6   -1
    8   -1
    7   -1
    1   -1
    6   -1
    6   10
    1   11
    1   11
    1   11
    6   10
    1   11
    1   11
    1   11
    6   -1
    8   -1
    7   -1
    1   -1
    6   22
    1   23
    1   23
    1   23

    6    1
    1    2
    1    2
    1    2
    6   -1
    8   -1
    7   -1
    1   -1
    6   -1
    6   10
    1   11
    1   11
    1   11
    6   10
    1   11
    1   11
    1   11
    6   -1
    8   -1
    7   -1
    1   -1
    6   22
    1   23
    1   23
    1   23

  ----------------------------------------------------------------------------


 Total number of atoms      =  200
 Weight factor on initial charge restraints=  0.001000


 There are  8 charge constraints

 Reading esp"s for molecule   1
 total number of atoms      =    25
 total number of esp points =  1046


 center     X       Y       Z 
    1  -0.2680053E+01  -0.1001211E+01   0.5999691E-01
    2  -0.2744113E+01  -0.3031432E+01   0.3312293E+00
    3  -0.3694214E+01  -0.1159536E+00   0.1608894E+01
    4  -0.3609936E+01  -0.5094588E+00  -0.1689334E+01
    5   0.0000000E+00   0.0000000E+00   0.0000000E+00
    6   0.6291502E+00   0.1686010E+01  -0.1374657E+01
    7   0.1643289E+01  -0.1172539E+01   0.1600124E+01
    8   0.8970869E+00  -0.2383882E+01   0.2831308E+01
    9   0.4122751E+01  -0.1403764E+00   0.2285677E+01
   10   0.5322689E+01  -0.2005296E+01   0.4160445E+01
   11   0.4201866E+01  -0.2111958E+01   0.5877416E+01
   12   0.5466735E+01  -0.3882176E+01   0.3349794E+01
   13   0.7200251E+01  -0.1370545E+01   0.4664086E+01
   14   0.3882183E+01   0.2474192E+01   0.3506194E+01
   15   0.5719103E+01   0.3159660E+01   0.4075436E+01
   16   0.3070888E+01   0.3819240E+01   0.2201718E+01
   17   0.2677112E+01   0.2341363E+01   0.5162629E+01
   18   0.5919359E+01   0.0000000E+00   0.0000000E+00
   19   0.7641982E+01   0.1476626E+01   0.0000000E+00
   20   0.5609472E+01  -0.1758725E+01  -0.1819986E+01
   21   0.3954093E+01  -0.2635537E+01  -0.1897413E+01
   22   0.7111077E+01  -0.1661929E+01  -0.4104128E+01
   23   0.6613979E+01  -0.5620045E-01  -0.5277563E+01
   24   0.9088514E+01  -0.1523280E+01  -0.3620348E+01
   25   0.6804744E+01  -0.3385162E+01  -0.5162835E+01

 Reading esp"s for molecule   2
 total number of atoms      =    25
 total number of esp points =  1041


 center     X       Y       Z 
    1   0.9449476E+01   0.4836474E+01  -0.5999691E-01
    2   0.1081941E+02   0.3336748E+01  -0.3312293E+00
    3   0.9643325E+01   0.6168625E+01  -0.1608894E+01
    4   0.9835438E+01   0.5815012E+01   0.1689334E+01
    5   0.6763080E+01   0.3852410E+01   0.0000000E+00
    6   0.5188125E+01   0.4723028E+01   0.1374657E+01
    7   0.6278543E+01   0.1892699E+01  -0.1600124E+01
    8   0.7633446E+01   0.1458644E+01  -0.2831308E+01
    9   0.3724298E+01   0.1062682E+01  -0.2285677E+01
   10   0.4026980E+01  -0.1134172E+01  -0.4160445E+01
   11   0.4947365E+01  -0.4857030E+00  -0.5877416E+01
   12   0.5139115E+01  -0.2652913E+01  -0.3349794E+01
   13   0.2188361E+01  -0.1874191E+01  -0.4664086E+01
   14   0.2205346E+01   0.3204321E+01  -0.3506194E+01
   15   0.3645754E+00   0.2529258E+01  -0.4075436E+01
   16   0.1945930E+01   0.4753534E+01  -0.2201718E+01
   17   0.3206725E+01   0.3887750E+01  -0.5162629E+01
   18   0.2268888E+01   0.0000000E+00   0.0000000E+00
   19   0.0000000E+00   0.0000000E+00   0.0000000E+00
   20   0.3648770E+01  -0.1133609E+01   0.1819986E+01
   21   0.5476237E+01  -0.7219698E+00   0.1897413E+01
   22   0.2445702E+01  -0.2037383E+01   0.4104128E+01
   23   0.1778085E+01  -0.4947378E+00   0.5277563E+01
   24   0.8541259E+00  -0.3219063E+01   0.3620348E+01
   25   0.3799787E+01  -0.3146358E+01   0.5162835E+01

 Reading esp"s for molecule   3
 total number of atoms      =    25
 total number of esp points =  1048


 center     X       Y       Z 
    1  -0.2891458E+01   0.1759046E+01  -0.2962336E+01
    2  -0.2842683E+01   0.3520391E+01  -0.4008640E+01
    3  -0.3614360E+01   0.2953717E+00  -0.4205861E+01
    4  -0.4154342E+01   0.1938309E+01  -0.1368708E+01
    5  -0.3034427E+00   0.9900010E+00  -0.2013942E+01
    6   0.0000000E+00   0.0000000E+00   0.0000000E+00
    7   0.1650472E+01   0.1529862E+01  -0.3603409E+01
    8   0.1190724E+01   0.2132658E+01  -0.5325401E+01
    9   0.4184173E+01   0.4340606E+00  -0.3353098E+01
   10   0.5776289E+01   0.1483722E+01  -0.5543054E+01
   11   0.5010127E+01   0.8631947E+00  -0.7344040E+01
   12   0.5816684E+01   0.3532661E+01  -0.5514876E+01
   13   0.7696244E+01   0.7951457E+00  -0.5396653E+01
   14   0.4106303E+01  -0.2457439E+01  -0.3482158E+01
   15   0.5997522E+01  -0.3220074E+01  -0.3382844E+01
   16   0.3020289E+01  -0.3230328E+01  -0.1935472E+01
   17   0.3246631E+01  -0.3034520E+01  -0.5254600E+01
   18   0.5502878E+01   0.1276344E+01  -0.8988349E+00
   19   0.7149359E+01   0.0000000E+00   0.0000000E+00
   20   0.4900475E+01   0.3585173E+01   0.0000000E+00
   21   0.3287500E+01   0.4342428E+01  -0.5830523E+00
   22   0.5931383E+01   0.4452720E+01   0.2380354E+01
   23   0.5171126E+01   0.3404281E+01   0.3969443E+01
   24   0.7960015E+01   0.4233470E+01   0.2370525E+01
   25   0.5477802E+01   0.6434402E+01   0.2607145E+01

 Reading esp"s for molecule   4
 total number of atoms      =    25
 total number of esp points =  1043


 center     X       Y       Z 
    1  -0.2593532E+01   0.7571166E+01   0.2962336E+01
    2  -0.4059706E+01   0.6593898E+01   0.4008640E+01
    3  -0.1737745E+01   0.8961332E+01   0.4205861E+01
    4  -0.3416466E+01   0.8545738E+01   0.1368708E+01
    5  -0.5668214E+00   0.5787435E+01   0.2013942E+01
    6   0.4330836E+00   0.6056449E+01   0.0000000E+00
    7   0.1412192E-01   0.3845339E+01   0.3603409E+01
    8  -0.7408255E+00   0.3914490E+01   0.5325401E+01
    9   0.2288776E+01   0.2281251E+01   0.3353098E+01
   10   0.2245599E+01   0.3747459E+00   0.5543054E+01
   11   0.2364142E+01   0.1353524E+01   0.7344040E+01
   12   0.5313418E+00  -0.7482446E+00   0.5514876E+01
   13   0.3849145E+01  -0.8858109E+00   0.5396653E+01
   14   0.4696880E+01   0.3883710E+01   0.3482158E+01
   15   0.6347892E+01   0.2686850E+01   0.3382844E+01
   16   0.4774527E+01   0.5214408E+01   0.1935472E+01
   17   0.4728926E+01   0.4918617E+01   0.5254600E+01
   18   0.2275990E+01   0.7165576E+00   0.8988349E+00
   19   0.4232132E+01   0.0000000E+00   0.0000000E+00
   20   0.0000000E+00   0.0000000E+00   0.0000000E+00
   21  -0.1498602E+01   0.9640097E+00   0.5830523E+00
   22  -0.1871188E+00  -0.1334313E+01  -0.2380354E+01
   23   0.2970593E+00  -0.1331539E+00  -0.3969443E+01
   24   0.1076596E+01  -0.2936328E+01  -0.2370525E+01
   25  -0.2106889E+01  -0.2003104E+01  -0.2607145E+01

 Reading esp"s for molecule   5
 total number of atoms      =    25
 total number of esp points =  1027


 center     X       Y       Z 
    1  -0.1638298E+01   0.2347998E+01   0.5468111E-01
    2  -0.6145105E+00   0.4067843E+01  -0.3727881E+00
    3  -0.3164416E+01   0.2108726E+01  -0.1284897E+01
    4  -0.2466176E+01   0.2518557E+01   0.1921906E+01
    5   0.0000000E+00   0.0000000E+00   0.0000000E+00
    6  -0.9367258E+00  -0.2075860E+01   0.8995096E-03
    7   0.2509751E+01   0.4306213E+00  -0.8857146E-02
    8   0.3147966E+01   0.2200573E+01  -0.5627604E-02
    9   0.4472906E+01  -0.1492785E+01   0.3129386E-02
   10   0.4307052E+01  -0.3136718E+01  -0.2390337E+01
   11   0.2479322E+01  -0.4041489E+01  -0.2465046E+01
   12   0.4540872E+01  -0.1982389E+01  -0.4067962E+01
   13   0.5747998E+01  -0.4594787E+01  -0.2405489E+01
   14   0.4304180E+01  -0.3114605E+01   0.2411578E+01
   15   0.5747834E+01  -0.4569630E+01   0.2443410E+01
   16   0.4532908E+01  -0.1944326E+01   0.4078936E+01
   17   0.2477782E+01  -0.4021857E+01   0.2490940E+01
   18   0.6976895E+01   0.0000000E+00   0.0000000E+00
   19   0.7017913E+01   0.2277562E+01   0.0000000E+00
   20   0.9116526E+01  -0.1368111E+01  -0.6047123E-03
   21   0.9028961E+01  -0.3239735E+01  -0.3354264E-02
   22   0.1157493E+02  -0.1634613E+00  -0.2764669E-02
   23   0.1181422E+02   0.1005716E+01  -0.1663617E+01
   24   0.1181349E+02   0.1011737E+01   0.1653849E+01
   25   0.1300895E+02  -0.1619514E+01   0.2210979E-03

 Reading esp"s for molecule   6
 total number of atoms      =    25
 total number of esp points =  1026


 center     X       Y       Z 
    1   0.8544774E-01   0.8656075E+01  -0.5468111E-01
    2  -0.1652556E+01   0.7663425E+01   0.3727881E+00
    3   0.3521599E+00   0.1017764E+02   0.1284897E+01
    4  -0.7017686E-01   0.9486891E+01  -0.1921906E+01
    5   0.2403563E+01   0.6975765E+01   0.0000000E+00
    6   0.4495953E+01   0.7874959E+01  -0.8995096E-03
    7   0.1927819E+01   0.4474174E+01   0.8857146E-02
    8   0.1466616E+00   0.3867935E+01   0.5627604E-02
    9   0.3815563E+01   0.2476703E+01  -0.3129386E-02
   10   0.5462215E+01   0.2612928E+01   0.2390337E+01
   11   0.6399752E+01   0.4424068E+01   0.2465046E+01
   12   0.4303864E+01   0.2399933E+01   0.4067962E+01
   13   0.6894102E+01   0.1145960E+01   0.2405489E+01
   14   0.5440158E+01   0.2616199E+01  -0.2411578E+01
   15   0.6868952E+01   0.1146578E+01  -0.2443410E+01
   16   0.4265951E+01   0.2408579E+01  -0.4078936E+01
   17   0.6380150E+01   0.4425963E+01  -0.2490940E+01
   18   0.2277931E+01   0.0000000E+00   0.0000000E+00
   19   0.0000000E+00   0.0000000E+00   0.0000000E+00
   20   0.3607290E+01  -0.2163918E+01   0.6047123E-03
   21   0.5480190E+01  -0.2110070E+01   0.3354264E-02
   22   0.2358569E+01  -0.4600234E+01   0.2764669E-02
   23   0.1185274E+01  -0.4818429E+01   0.1663617E+01
   24   0.1179266E+01  -0.4817590E+01  -0.1653849E+01
   25   0.3788564E+01  -0.6060234E+01  -0.2210979E-03

 Reading esp"s for molecule   7
 total number of atoms      =    25
 total number of esp points =  1049


 center     X       Y       Z 
    1   0.1508394E+01  -0.4217524E+01  -0.5333563E-01
    2   0.3232199E+01  -0.5234643E+01   0.3741072E+00
    3   0.5491355E-01  -0.4740109E+01   0.1286461E+01
    4   0.8638599E+00  -0.4764859E+01  -0.1920419E+01
    5   0.1818308E+01  -0.1371280E+01   0.9127376E-03
    6   0.0000000E+00   0.0000000E+00   0.0000000E+00
    7   0.4226652E+01  -0.5441296E+00   0.9414615E-02
    8   0.5636236E+01  -0.1790372E+01   0.6220978E-02
    9   0.5025371E+01   0.2085604E+01  -0.3023562E-02
   10   0.4090886E+01   0.3448412E+01   0.2390343E+01
   11   0.2053202E+01   0.3364640E+01   0.2465265E+01
   12   0.4850343E+01   0.2548301E+01   0.4068021E+01
   13   0.4654919E+01   0.5419243E+01   0.2405160E+01
   14   0.4098508E+01   0.3426954E+01  -0.2411570E+01
   15   0.4666370E+01   0.5396407E+01  -0.2443739E+01
   16   0.4860823E+01   0.2509936E+01  -0.4078875E+01
   17   0.2060786E+01   0.3345975E+01  -0.2490719E+01
   18   0.7938588E+01   0.1978233E+01  -0.1681856E-03
   19   0.9067998E+01   0.0000000E+00   0.0000000E+00
   20   0.9158706E+01   0.4205576E+01   0.0000000E+00
   21   0.8183353E+01   0.5805367E+01   0.2621050E-02
   22   0.1189361E+02   0.4329079E+01   0.1872718E-02
   23   0.1266498E+02   0.3418565E+01   0.1662776E+01
   24   0.1266691E+02   0.3412465E+01  -0.1654688E+01
   25   0.1245252E+02   0.6294810E+01  -0.1449420E-02

 Reading esp"s for molecule   8
 total number of atoms      =    25
 total number of esp points =  1026


 center     X       Y       Z 
    1   0.8586112E+01   0.7466899E+01   0.5333563E-01
    2   0.9565821E+01   0.5721561E+01  -0.3741072E+00
    3   0.9139917E+01   0.8908773E+01  -0.1286461E+01
    4   0.9147219E+01   0.8099481E+01   0.1920419E+01
    5   0.5733844E+01   0.7218434E+01  -0.9127376E-03
    6   0.4402094E+01   0.9065889E+01   0.0000000E+00
    7   0.4854955E+01   0.4828486E+01  -0.9414615E-02
    8   0.6070512E+01   0.3392357E+01  -0.6220978E-02
    9   0.2208610E+01   0.4086661E+01   0.3023562E-02
   10   0.8662693E+00   0.5050313E+01  -0.2390343E+01
   11   0.9939619E+00   0.7085717E+01  -0.2465265E+01
   12   0.1749794E+01   0.4271625E+01  -0.4068021E+01
   13  -0.1116265E+01   0.4528912E+01  -0.2405160E+01
   14   0.8875570E+00   0.5042233E+01   0.2411570E+01
   15  -0.1093683E+01   0.4516971E+01   0.2443739E+01
   16   0.1787925E+01   0.4260321E+01   0.4078875E+01
   17   0.1012458E+01   0.7077734E+01   0.2490719E+01
   18   0.2253135E+01   0.1171804E+01   0.1681856E-03
   19   0.4206553E+01   0.0000000E+00   0.0000000E+00
   20   0.0000000E+00   0.0000000E+00   0.0000000E+00
   21  -0.1578388E+01   0.1009626E+01  -0.2621050E-02
   22  -0.1824493E+00  -0.2731603E+01  -0.1872718E-02
   23   0.7112173E+00  -0.3522436E+01  -0.1662776E+01
   24   0.7172757E+00  -0.3524488E+01   0.1654688E+01
   25  -0.2159777E+01  -0.3248001E+01   0.1449420E-02
 Initial ssvpot =     3.455


 Number of unique UNfrozen centers=    6

 Non-linear optimization requested.
 qchnge =    0.2399288332E-01
 qchnge =    0.1096260594E-02
 qchnge =    0.2307056981E-03
 qchnge =    0.6622695625E-04
 qchnge =    0.1977680318E-04
 qchnge =    0.5946740069E-05
 qchnge =    0.1791394504E-05
 qchnge =    0.5399362598E-06

 Convergence in    7 iterations









 Dimethylalanine-dipeptide                                                      

          Point Charges Before & After Optimization

    no.  At.no.    q(init)       q(opt)     ivary    d(rstr)/dq
    1   6      -0.368391      -0.313087      0       0.003043
    2   1       0.096522       0.089859      0       0.000000
    3   1       0.112328       0.089859      2       0.000000
    4   1       0.108709       0.089859      2       0.000000
    5   6       0.711148       0.711148     -1       0.001392
    6   8      -0.569096      -0.569096     -1       0.001731
    7   7      -0.571115      -0.571115     -1       0.001725
    8   1       0.284451       0.284451     -1       0.000000
    9   6       0.129486       0.129486     -1       0.006112
   10   6      -0.179694      -0.204993      0       0.004384
   11   1       0.078710       0.068728      0       0.000000
   12   1       0.035942       0.068728     11       0.000000
   13   1       0.065909       0.068728     11       0.000000
   14   6      -0.181665      -0.204993     10       0.004384
   15   1       0.049333       0.068728     11       0.000000
   16   1       0.064701       0.068728     11       0.000000
   17   1       0.066724       0.068728     11       0.000000
   18   6       0.716040       0.716040     -1       0.001383
   19   8      -0.564857      -0.564857     -1       0.001743
   20   7      -0.559699      -0.559699     -1       0.001759
   21   1       0.311737       0.311737     -1       0.000000
   22   6      -0.107901      -0.167351      0       0.005130
   23   1       0.091694       0.106793      0       0.000000
   24   1       0.084592       0.106793     23       0.000000
   25   1       0.094391       0.106793     23       0.000000

   26   6      -0.368391      -0.313087      1       0.003043
   27   1       0.096522       0.089859      2       0.000000
   28   1       0.112328       0.089859      2       0.000000
   29   1       0.108709       0.089859      2       0.000000
   30   6       0.711148       0.711148     -1       0.001392
   31   8      -0.569096      -0.569096     -1       0.001731
   32   7      -0.571115      -0.571115     -1       0.001725
   33   1       0.284451       0.284451     -1       0.000000
   34   6       0.129486       0.129486     -1       0.006112
   35   6      -0.179694      -0.204993     10       0.004384
   36   1       0.078710       0.068728     11       0.000000
   37   1       0.035942       0.068728     11       0.000000
   38   1       0.065909       0.068728     11       0.000000
   39   6      -0.181665      -0.204993     10       0.004384
   40   1       0.049333       0.068728     11       0.000000
   41   1       0.064701       0.068728     11       0.000000
   42   1       0.066724       0.068728     11       0.000000
   43   6       0.716040       0.716040     -1       0.001383
   44   8      -0.564857      -0.564857     -1       0.001743
   45   7      -0.559699      -0.559699     -1       0.001759
   46   1       0.311737       0.311737     -1       0.000000
   47   6      -0.107901      -0.167351     22       0.005130
   48   1       0.091694       0.106793     23       0.000000
   49   1       0.084592       0.106793     23       0.000000
   50   1       0.094391       0.106793     23       0.000000

   51   6      -0.368391      -0.313087      1       0.003043
   52   1       0.096522       0.089859      2       0.000000
   53   1       0.112328       0.089859      2       0.000000
   54   1       0.108709       0.089859      2       0.000000
   55   6       0.711148       0.711148     -1       0.001392
   56   8      -0.569096      -0.569096     -1       0.001731
   57   7      -0.571115      -0.571115     -1       0.001725
   58   1       0.284451       0.284451     -1       0.000000
   59   6       0.129486       0.129486     -1       0.006112
   60   6      -0.179694      -0.204993     10       0.004384
   61   1       0.078710       0.068728     11       0.000000
   62   1       0.035942       0.068728     11       0.000000
   63   1       0.065909       0.068728     11       0.000000
   64   6      -0.181665      -0.204993     10       0.004384
   65   1       0.049333       0.068728     11       0.000000
   66   1       0.064701       0.068728     11       0.000000
   67   1       0.066724       0.068728     11       0.000000
   68   6       0.716040       0.716040     -1       0.001383
   69   8      -0.564857      -0.564857     -1       0.001743
   70   7      -0.559699      -0.559699     -1       0.001759
   71   1       0.311737       0.311737     -1       0.000000
   72   6      -0.107901      -0.167351     22       0.005130
   73   1       0.091694       0.106793     23       0.000000
   74   1       0.084592       0.106793     23       0.000000
   75   1       0.094391       0.106793     23       0.000000

   76   6      -0.368391      -0.313087      1       0.003043
   77   1       0.096522       0.089859      2       0.000000
   78   1       0.112328       0.089859      2       0.000000
   79   1       0.108709       0.089859      2       0.000000
   80   6       0.711148       0.711148     -1       0.001392
   81   8      -0.569096      -0.569096     -1       0.001731
   82   7      -0.571115      -0.571115     -1       0.001725
   83   1       0.284451       0.284451     -1       0.000000
   84   6       0.129486       0.129486     -1       0.006112
   85   6      -0.179694      -0.204993     10       0.004384
   86   1       0.078710       0.068728     11       0.000000
   87   1       0.035942       0.068728     11       0.000000
   88   1       0.065909       0.068728     11       0.000000
   89   6      -0.181665      -0.204993     10       0.004384
   90   1       0.049333       0.068728     11       0.000000
   91   1       0.064701       0.068728     11       0.000000
   92   1       0.066724       0.068728     11       0.000000
   93   6       0.716040       0.716040     -1       0.001383
   94   8      -0.564857      -0.564857     -1       0.001743
   95   7      -0.559699      -0.559699     -1       0.001759
   96   1       0.311737       0.311737     -1       0.000000
   97   6      -0.107901      -0.167351     22       0.005130
   98   1       0.091694       0.106793     23       0.000000
   99   1       0.084592       0.106793     23       0.000000
  100   1       0.094391       0.106793     23       0.000000

  101   6      -0.368391      -0.313087      1       0.003043
  102   1       0.096522       0.089859      2       0.000000
  103   1       0.112328       0.089859      2       0.000000
  104   1       0.108709       0.089859      2       0.000000
  105   6       0.711148       0.711148     -1       0.001392
  106   8      -0.569096      -0.569096     -1       0.001731
  107   7      -0.571115      -0.571115     -1       0.001725
  108   1       0.284451       0.284451     -1       0.000000
  109   6       0.129486       0.129486     -1       0.006112
  110   6      -0.179694      -0.204993     10       0.004384
  111   1       0.078710       0.068728     11       0.000000
  112   1       0.035942       0.068728     11       0.000000
  113   1       0.065909       0.068728     11       0.000000
  114   6      -0.181665      -0.204993     10       0.004384
  115   1       0.049333       0.068728     11       0.000000
  116   1       0.064701       0.068728     11       0.000000
  117   1       0.066724       0.068728     11       0.000000
  118   6       0.716040       0.716040     -1       0.001383
  119   8      -0.564857      -0.564857     -1       0.001743
  120   7      -0.559699      -0.559699     -1       0.001759
  121   1       0.311737       0.311737     -1       0.000000
  122   6      -0.107901      -0.167351     22       0.005130
  123   1       0.091694       0.106793     23       0.000000
  124   1       0.084592       0.106793     23       0.000000
  125   1       0.094391       0.106793     23       0.000000

  126   6      -0.368391      -0.313087      1       0.003043
  127   1       0.096522       0.089859      2       0.000000
  128   1       0.112328       0.089859      2       0.000000
  129   1       0.108709       0.089859      2       0.000000
  130   6       0.711148       0.711148     -1       0.001392
  131   8      -0.569096      -0.569096     -1       0.001731
  132   7      -0.571115      -0.571115     -1       0.001725
  133   1       0.284451       0.284451     -1       0.000000
  134   6       0.129486       0.129486     -1       0.006112
  135   6      -0.179694      -0.204993     10       0.004384
  136   1       0.078710       0.068728     11       0.000000
  137   1       0.035942       0.068728     11       0.000000
  138   1       0.065909       0.068728     11       0.000000
  139   6      -0.181665      -0.204993     10       0.004384
  140   1       0.049333       0.068728     11       0.000000
  141   1       0.064701       0.068728     11       0.000000
  142   1       0.066724       0.068728     11       0.000000
  143   6       0.716040       0.716040     -1       0.001383
  144   8      -0.564857      -0.564857     -1       0.001743
  145   7      -0.559699      -0.559699     -1       0.001759
  146   1       0.311737       0.311737     -1       0.000000
  147   6      -0.107901      -0.167351     22       0.005130
  148   1       0.091694       0.106793     23       0.000000
  149   1       0.084592       0.106793     23       0.000000
  150   1       0.094391       0.106793     23       0.000000

  151   6      -0.368391      -0.313087      1       0.003043
  152   1       0.096522       0.089859      2       0.000000
  153   1       0.112328       0.089859      2       0.000000
  154   1       0.108709       0.089859      2       0.000000
  155   6       0.711148       0.711148     -1       0.001392
  156   8      -0.569096      -0.569096     -1       0.001731
  157   7      -0.571115      -0.571115     -1       0.001725
  158   1       0.284451       0.284451     -1       0.000000
  159   6       0.129486       0.129486     -1       0.006112
  160   6      -0.179694      -0.204993     10       0.004384
  161   1       0.078710       0.068728     11       0.000000
  162   1       0.035942       0.068728     11       0.000000
  163   1       0.065909       0.068728     11       0.000000
  164   6      -0.181665      -0.204993     10       0.004384
  165   1       0.049333       0.068728     11       0.000000
  166   1       0.064701       0.068728     11       0.000000
  167   1       0.066724       0.068728     11       0.000000
  168   6       0.716040       0.716040     -1       0.001383
  169   8      -0.564857      -0.564857     -1       0.001743
  170   7      -0.559699      -0.559699     -1       0.001759
  171   1       0.311737       0.311737     -1       0.000000
  172   6      -0.107901      -0.167351     22       0.005130
  173   1       0.091694       0.106793     23       0.000000
  174   1       0.084592       0.106793     23       0.000000
  175   1       0.094391       0.106793     23       0.000000

  176   6      -0.368391      -0.313087      1       0.003043
  177   1       0.096522       0.089859      2       0.000000
  178   1       0.112328       0.089859      2       0.000000
  179   1       0.108709       0.089859      2       0.000000
  180   6       0.711148       0.711148     -1       0.001392
  181   8      -0.569096      -0.569096     -1       0.001731
  182   7      -0.571115      -0.571115     -1       0.001725
  183   1       0.284451       0.284451     -1       0.000000
  184   6       0.129486       0.129486     -1       0.006112
  185   6      -0.179694      -0.204993     10       0.004384
  186   1       0.078710       0.068728     11       0.000000
  187   1       0.035942       0.068728     11       0.000000
  188   1       0.065909       0.068728     11       0.000000
  189   6      -0.181665      -0.204993     10       0.004384
  190   1       0.049333       0.068728     11       0.000000
  191   1       0.064701       0.068728     11       0.000000
  192   1       0.066724       0.068728     11       0.000000
  193   6       0.716040       0.716040     -1       0.001383
  194   8      -0.564857      -0.564857     -1       0.001743
  195   7      -0.559699      -0.559699     -1       0.001759
  196   1       0.311737       0.311737     -1       0.000000
  197   6      -0.107901      -0.167351     22       0.005130
  198   1       0.091694       0.106793     23       0.000000
  199   1       0.084592       0.106793     23       0.000000
  200   1       0.094391       0.106793     23       0.000000

 Sum over the calculated charges:      0.000

        Statistics of the fitting:
  The initial sum of squares (ssvpot)                      3.455
  The residual sum of squares (chipot)                     0.040
  The std err of estimate (sqrt(chipot/N))               0.00621
  ESP relative RMS (SQRT(chipot/ssvpot))                 0.10707
