
 Dimethylalanine-dipeptide                                                      

iqopt   irstrnt  ihfree     qwt
  2      1      1        0.001000

 rel.rms   dipole mom       Qxx      Qyy      Qzz
    0.10707   0.00000   0.00000   0.00000   0.00000

          Point charges before & after optimization
    NO   At.No.    q0           q(opt)   IVARY  d(rstr)/dq 
     1     6  -0.368391      -0.313087    0    0.003043
     2     1   0.096522       0.089859    0    0.000000
     3     1   0.112328       0.089859    2    0.000000
     4     1   0.108709       0.089859    2    0.000000
     5     6   0.711148       0.711148   -1    0.001392
     6     8  -0.569096      -0.569096   -1    0.001731
     7     7  -0.571115      -0.571115   -1    0.001725
     8     1   0.284451       0.284451   -1    0.000000
     9     6   0.129486       0.129486   -1    0.006112
    10     6  -0.179694      -0.204993    0    0.004384
    11     1   0.078710       0.068728    0    0.000000
    12     1   0.035942       0.068728   11    0.000000
    13     1   0.065909       0.068728   11    0.000000
    14     6  -0.181665      -0.204993   10    0.004384
    15     1   0.049333       0.068728   11    0.000000
    16     1   0.064701       0.068728   11    0.000000
    17     1   0.066724       0.068728   11    0.000000
    18     6   0.716040       0.716040   -1    0.001383
    19     8  -0.564857      -0.564857   -1    0.001743
    20     7  -0.559699      -0.559699   -1    0.001759
    21     1   0.311737       0.311737   -1    0.000000
    22     6  -0.107901      -0.167351    0    0.005130
    23     1   0.091694       0.106793    0    0.000000
    24     1   0.084592       0.106793   23    0.000000
    25     1   0.094391       0.106793   23    0.000000
    26     6  -0.368391      -0.313087    1    0.003043
    27     1   0.096522       0.089859    2    0.000000
    28     1   0.112328       0.089859    2    0.000000
    29     1   0.108709       0.089859    2    0.000000
    30     6   0.711148       0.711148   -1    0.001392
    31     8  -0.569096      -0.569096   -1    0.001731
    32     7  -0.571115      -0.571115   -1    0.001725
    33     1   0.284451       0.284451   -1    0.000000
    34     6   0.129486       0.129486   -1    0.006112
    35     6  -0.179694      -0.204993   10    0.004384
    36     1   0.078710       0.068728   11    0.000000
    37     1   0.035942       0.068728   11    0.000000
    38     1   0.065909       0.068728   11    0.000000
    39     6  -0.181665      -0.204993   10    0.004384
    40     1   0.049333       0.068728   11    0.000000
    41     1   0.064701       0.068728   11    0.000000
    42     1   0.066724       0.068728   11    0.000000
    43     6   0.716040       0.716040   -1    0.001383
    44     8  -0.564857      -0.564857   -1    0.001743
    45     7  -0.559699      -0.559699   -1    0.001759
    46     1   0.311737       0.311737   -1    0.000000
    47     6  -0.107901      -0.167351   22    0.005130
    48     1   0.091694       0.106793   23    0.000000
    49     1   0.084592       0.106793   23    0.000000
    50     1   0.094391       0.106793   23    0.000000
    51     6  -0.368391      -0.313087    1    0.003043
    52     1   0.096522       0.089859    2    0.000000
    53     1   0.112328       0.089859    2    0.000000
    54     1   0.108709       0.089859    2    0.000000
    55     6   0.711148       0.711148   -1    0.001392
    56     8  -0.569096      -0.569096   -1    0.001731
    57     7  -0.571115      -0.571115   -1    0.001725
    58     1   0.284451       0.284451   -1    0.000000
    59     6   0.129486       0.129486   -1    0.006112
    60     6  -0.179694      -0.204993   10    0.004384
    61     1   0.078710       0.068728   11    0.000000
    62     1   0.035942       0.068728   11    0.000000
    63     1   0.065909       0.068728   11    0.000000
    64     6  -0.181665      -0.204993   10    0.004384
    65     1   0.049333       0.068728   11    0.000000
    66     1   0.064701       0.068728   11    0.000000
    67     1   0.066724       0.068728   11    0.000000
    68     6   0.716040       0.716040   -1    0.001383
    69     8  -0.564857      -0.564857   -1    0.001743
    70     7  -0.559699      -0.559699   -1    0.001759
    71     1   0.311737       0.311737   -1    0.000000
    72     6  -0.107901      -0.167351   22    0.005130
    73     1   0.091694       0.106793   23    0.000000
    74     1   0.084592       0.106793   23    0.000000
    75     1   0.094391       0.106793   23    0.000000
    76     6  -0.368391      -0.313087    1    0.003043
    77     1   0.096522       0.089859    2    0.000000
    78     1   0.112328       0.089859    2    0.000000
    79     1   0.108709       0.089859    2    0.000000
    80     6   0.711148       0.711148   -1    0.001392
    81     8  -0.569096      -0.569096   -1    0.001731
    82     7  -0.571115      -0.571115   -1    0.001725
    83     1   0.284451       0.284451   -1    0.000000
    84     6   0.129486       0.129486   -1    0.006112
    85     6  -0.179694      -0.204993   10    0.004384
    86     1   0.078710       0.068728   11    0.000000
    87     1   0.035942       0.068728   11    0.000000
    88     1   0.065909       0.068728   11    0.000000
    89     6  -0.181665      -0.204993   10    0.004384
    90     1   0.049333       0.068728   11    0.000000
    91     1   0.064701       0.068728   11    0.000000
    92     1   0.066724       0.068728   11    0.000000
    93     6   0.716040       0.716040   -1    0.001383
    94     8  -0.564857      -0.564857   -1    0.001743
    95     7  -0.559699      -0.559699   -1    0.001759
    96     1   0.311737       0.311737   -1    0.000000
    97     6  -0.107901      -0.167351   22    0.005130
    98     1   0.091694       0.106793   23    0.000000
    99     1   0.084592       0.106793   23    0.000000
   100     1   0.094391       0.106793   23    0.000000
   101     6  -0.368391      -0.313087    1    0.003043
   102     1   0.096522       0.089859    2    0.000000
   103     1   0.112328       0.089859    2    0.000000
   104     1   0.108709       0.089859    2    0.000000
   105     6   0.711148       0.711148   -1    0.001392
   106     8  -0.569096      -0.569096   -1    0.001731
   107     7  -0.571115      -0.571115   -1    0.001725
   108     1   0.284451       0.284451   -1    0.000000
   109     6   0.129486       0.129486   -1    0.006112
   110     6  -0.179694      -0.204993   10    0.004384
   111     1   0.078710       0.068728   11    0.000000
   112     1   0.035942       0.068728   11    0.000000
   113     1   0.065909       0.068728   11    0.000000
   114     6  -0.181665      -0.204993   10    0.004384
   115     1   0.049333       0.068728   11    0.000000
   116     1   0.064701       0.068728   11    0.000000
   117     1   0.066724       0.068728   11    0.000000
   118     6   0.716040       0.716040   -1    0.001383
   119     8  -0.564857      -0.564857   -1    0.001743
   120     7  -0.559699      -0.559699   -1    0.001759
   121     1   0.311737       0.311737   -1    0.000000
   122     6  -0.107901      -0.167351   22    0.005130
   123     1   0.091694       0.106793   23    0.000000
   124     1   0.084592       0.106793   23    0.000000
   125     1   0.094391       0.106793   23    0.000000
   126     6  -0.368391      -0.313087    1    0.003043
   127     1   0.096522       0.089859    2    0.000000
   128     1   0.112328       0.089859    2    0.000000
   129     1   0.108709       0.089859    2    0.000000
   130     6   0.711148       0.711148   -1    0.001392
   131     8  -0.569096      -0.569096   -1    0.001731
   132     7  -0.571115      -0.571115   -1    0.001725
   133     1   0.284451       0.284451   -1    0.000000
   134     6   0.129486       0.129486   -1    0.006112
   135     6  -0.179694      -0.204993   10    0.004384
   136     1   0.078710       0.068728   11    0.000000
   137     1   0.035942       0.068728   11    0.000000
   138     1   0.065909       0.068728   11    0.000000
   139     6  -0.181665      -0.204993   10    0.004384
   140     1   0.049333       0.068728   11    0.000000
   141     1   0.064701       0.068728   11    0.000000
   142     1   0.066724       0.068728   11    0.000000
   143     6   0.716040       0.716040   -1    0.001383
   144     8  -0.564857      -0.564857   -1    0.001743
   145     7  -0.559699      -0.559699   -1    0.001759
   146     1   0.311737       0.311737   -1    0.000000
   147     6  -0.107901      -0.167351   22    0.005130
   148     1   0.091694       0.106793   23    0.000000
   149     1   0.084592       0.106793   23    0.000000
   150     1   0.094391       0.106793   23    0.000000
   151     6  -0.368391      -0.313087    1    0.003043
   152     1   0.096522       0.089859    2    0.000000
   153     1   0.112328       0.089859    2    0.000000
   154     1   0.108709       0.089859    2    0.000000
   155     6   0.711148       0.711148   -1    0.001392
   156     8  -0.569096      -0.569096   -1    0.001731
   157     7  -0.571115      -0.571115   -1    0.001725
   158     1   0.284451       0.284451   -1    0.000000
   159     6   0.129486       0.129486   -1    0.006112
   160     6  -0.179694      -0.204993   10    0.004384
   161     1   0.078710       0.068728   11    0.000000
   162     1   0.035942       0.068728   11    0.000000
   163     1   0.065909       0.068728   11    0.000000
   164     6  -0.181665      -0.204993   10    0.004384
   165     1   0.049333       0.068728   11    0.000000
   166     1   0.064701       0.068728   11    0.000000
   167     1   0.066724       0.068728   11    0.000000
   168     6   0.716040       0.716040   -1    0.001383
   169     8  -0.564857      -0.564857   -1    0.001743
   170     7  -0.559699      -0.559699   -1    0.001759
   171     1   0.311737       0.311737   -1    0.000000
   172     6  -0.107901      -0.167351   22    0.005130
   173     1   0.091694       0.106793   23    0.000000
   174     1   0.084592       0.106793   23    0.000000
   175     1   0.094391       0.106793   23    0.000000
   176     6  -0.368391      -0.313087    1    0.003043
   177     1   0.096522       0.089859    2    0.000000
   178     1   0.112328       0.089859    2    0.000000
   179     1   0.108709       0.089859    2    0.000000
   180     6   0.711148       0.711148   -1    0.001392
   181     8  -0.569096      -0.569096   -1    0.001731
   182     7  -0.571115      -0.571115   -1    0.001725
   183     1   0.284451       0.284451   -1    0.000000
   184     6   0.129486       0.129486   -1    0.006112
   185     6  -0.179694      -0.204993   10    0.004384
   186     1   0.078710       0.068728   11    0.000000
   187     1   0.035942       0.068728   11    0.000000
   188     1   0.065909       0.068728   11    0.000000
   189     6  -0.181665      -0.204993   10    0.004384
   190     1   0.049333       0.068728   11    0.000000
   191     1   0.064701       0.068728   11    0.000000
   192     1   0.066724       0.068728   11    0.000000
   193     6   0.716040       0.716040   -1    0.001383
   194     8  -0.564857      -0.564857   -1    0.001743
   195     7  -0.559699      -0.559699   -1    0.001759
   196     1   0.311737       0.311737   -1    0.000000
   197     6  -0.107901      -0.167351   22    0.005130
   198     1   0.091694       0.106793   23    0.000000
   199     1   0.084592       0.106793   23    0.000000
   200     1   0.094391       0.106793   23    0.000000

        Statistics of the fitting:
  The initial sum of squares (ssvpot)                      3.455
  The residual sum of squares (chipot)                     0.040
  The std err of estimate (sqrt(chipot/N))               0.00621
  ESP relative RMS (SQRT(chipot/ssvpot))                 0.10707
