
 Dimethylalanine-dipeptide                                                      

iqopt   irstrnt  ihfree     qwt
  1      1      1        0.000500

 rel.rms   dipole mom       Qxx      Qyy      Qzz
    0.09715   0.00000   0.00000   0.00000   0.00000

          Point charges before & after optimization
    NO   At.No.    q0           q(opt)   IVARY  d(rstr)/dq 
     1     6   0.000000      -0.368391    0    0.001310
     2     1   0.000000       0.096522    0    0.000000
     3     1   0.000000       0.112328    0    0.000000
     4     1   0.000000       0.108709    0    0.000000
     5     6   0.000000       0.711148    0    0.000696
     6     8   0.000000      -0.569096    0    0.000865
     7     7   0.000000      -0.571115    0    0.000862
     8     1   0.000000       0.284451    0    0.000000
     9     6   0.000000       0.129486    0    0.003056
    10     6   0.000000      -0.179694    0    0.002431
    11     1   0.000000       0.078710    0    0.000000
    12     1   0.000000       0.035942    0    0.000000
    13     1   0.000000       0.065909    0    0.000000
    14     6   0.000000      -0.181665    0    0.002411
    15     1   0.000000       0.049333    0    0.000000
    16     1   0.000000       0.064701    0    0.000000
    17     1   0.000000       0.066724    0    0.000000
    18     6   0.000000       0.716040    0    0.000692
    19     8   0.000000      -0.564857    0    0.000872
    20     7   0.000000      -0.559699    0    0.000879
    21     1   0.000000       0.311737    0    0.000000
    22     6   0.000000      -0.107901    0    0.003399
    23     1   0.000000       0.091694    0    0.000000
    24     1   0.000000       0.084592    0    0.000000
    25     1   0.000000       0.094391    0    0.000000
    26     6   0.000000      -0.368391    1    0.001310
    27     1   0.000000       0.096522    2    0.000000
    28     1   0.000000       0.112328    3    0.000000
    29     1   0.000000       0.108709    4    0.000000
    30     6   0.000000       0.711148    5    0.000696
    31     8   0.000000      -0.569096    6    0.000865
    32     7   0.000000      -0.571115    7    0.000862
    33     1   0.000000       0.284451    8    0.000000
    34     6   0.000000       0.129486    9    0.003056
    35     6   0.000000      -0.179694   10    0.002431
    36     1   0.000000       0.078710   11    0.000000
    37     1   0.000000       0.035942   12    0.000000
    38     1   0.000000       0.065909   13    0.000000
    39     6   0.000000      -0.181665   14    0.002411
    40     1   0.000000       0.049333   15    0.000000
    41     1   0.000000       0.064701   16    0.000000
    42     1   0.000000       0.066724   17    0.000000
    43     6   0.000000       0.716040   18    0.000692
    44     8   0.000000      -0.564857   19    0.000872
    45     7   0.000000      -0.559699   20    0.000879
    46     1   0.000000       0.311737   21    0.000000
    47     6   0.000000      -0.107901   22    0.003399
    48     1   0.000000       0.091694   23    0.000000
    49     1   0.000000       0.084592   24    0.000000
    50     1   0.000000       0.094391   25    0.000000
    51     6   0.000000      -0.368391    1    0.001310
    52     1   0.000000       0.096522    2    0.000000
    53     1   0.000000       0.112328    3    0.000000
    54     1   0.000000       0.108709    4    0.000000
    55     6   0.000000       0.711148    5    0.000696
    56     8   0.000000      -0.569096    6    0.000865
    57     7   0.000000      -0.571115    7    0.000862
    58     1   0.000000       0.284451    8    0.000000
    59     6   0.000000       0.129486    9    0.003056
    60     6   0.000000      -0.179694   10    0.002431
    61     1   0.000000       0.078710   11    0.000000
    62     1   0.000000       0.035942   12    0.000000
    63     1   0.000000       0.065909   13    0.000000
    64     6   0.000000      -0.181665   14    0.002411
    65     1   0.000000       0.049333   15    0.000000
    66     1   0.000000       0.064701   16    0.000000
    67     1   0.000000       0.066724   17    0.000000
    68     6   0.000000       0.716040   18    0.000692
    69     8   0.000000      -0.564857   19    0.000872
    70     7   0.000000      -0.559699   20    0.000879
    71     1   0.000000       0.311737   21    0.000000
    72     6   0.000000      -0.107901   22    0.003399
    73     1   0.000000       0.091694   23    0.000000
    74     1   0.000000       0.084592   24    0.000000
    75     1   0.000000       0.094391   25    0.000000
    76     6   0.000000      -0.368391    1    0.001310
    77     1   0.000000       0.096522    2    0.000000
    78     1   0.000000       0.112328    3    0.000000
    79     1   0.000000       0.108709    4    0.000000
    80     6   0.000000       0.711148    5    0.000696
    81     8   0.000000      -0.569096    6    0.000865
    82     7   0.000000      -0.571115    7    0.000862
    83     1   0.000000       0.284451    8    0.000000
    84     6   0.000000       0.129486    9    0.003056
    85     6   0.000000      -0.179694   10    0.002431
    86     1   0.000000       0.078710   11    0.000000
    87     1   0.000000       0.035942   12    0.000000
    88     1   0.000000       0.065909   13    0.000000
    89     6   0.000000      -0.181665   14    0.002411
    90     1   0.000000       0.049333   15    0.000000
    91     1   0.000000       0.064701   16    0.000000
    92     1   0.000000       0.066724   17    0.000000
    93     6   0.000000       0.716040   18    0.000692
    94     8   0.000000      -0.564857   19    0.000872
    95     7   0.000000      -0.559699   20    0.000879
    96     1   0.000000       0.311737   21    0.000000
    97     6   0.000000      -0.107901   22    0.003399
    98     1   0.000000       0.091694   23    0.000000
    99     1   0.000000       0.084592   24    0.000000
   100     1   0.000000       0.094391   25    0.000000
   101     6   0.000000      -0.368391    1    0.001310
   102     1   0.000000       0.096522    2    0.000000
   103     1   0.000000       0.112328    3    0.000000
   104     1   0.000000       0.108709    4    0.000000
   105     6   0.000000       0.711148    5    0.000696
   106     8   0.000000      -0.569096    6    0.000865
   107     7   0.000000      -0.571115    7    0.000862
   108     1   0.000000       0.284451    8    0.000000
   109     6   0.000000       0.129486    9    0.003056
   110     6   0.000000      -0.179694   10    0.002431
   111     1   0.000000       0.078710   11    0.000000
   112     1   0.000000       0.035942   12    0.000000
   113     1   0.000000       0.065909   13    0.000000
   114     6   0.000000      -0.181665   14    0.002411
   115     1   0.000000       0.049333   15    0.000000
   116     1   0.000000       0.064701   16    0.000000
   117     1   0.000000       0.066724   17    0.000000
   118     6   0.000000       0.716040   18    0.000692
   119     8   0.000000      -0.564857   19    0.000872
   120     7   0.000000      -0.559699   20    0.000879
   121     1   0.000000       0.311737   21    0.000000
   122     6   0.000000      -0.107901   22    0.003399
   123     1   0.000000       0.091694   23    0.000000
   124     1   0.000000       0.084592   24    0.000000
   125     1   0.000000       0.094391   25    0.000000
   126     6   0.000000      -0.368391    1    0.001310
   127     1   0.000000       0.096522    2    0.000000
   128     1   0.000000       0.112328    3    0.000000
   129     1   0.000000       0.108709    4    0.000000
   130     6   0.000000       0.711148    5    0.000696
   131     8   0.000000      -0.569096    6    0.000865
   132     7   0.000000      -0.571115    7    0.000862
   133     1   0.000000       0.284451    8    0.000000
   134     6   0.000000       0.129486    9    0.003056
   135     6   0.000000      -0.179694   10    0.002431
   136     1   0.000000       0.078710   11    0.000000
   137     1   0.000000       0.035942   12    0.000000
   138     1   0.000000       0.065909   13    0.000000
   139     6   0.000000      -0.181665   14    0.002411
   140     1   0.000000       0.049333   15    0.000000
   141     1   0.000000       0.064701   16    0.000000
   142     1   0.000000       0.066724   17    0.000000
   143     6   0.000000       0.716040   18    0.000692
   144     8   0.000000      -0.564857   19    0.000872
   145     7   0.000000      -0.559699   20    0.000879
   146     1   0.000000       0.311737   21    0.000000
   147     6   0.000000      -0.107901   22    0.003399
   148     1   0.000000       0.091694   23    0.000000
   149     1   0.000000       0.084592   24    0.000000
   150     1   0.000000       0.094391   25    0.000000
   151     6   0.000000      -0.368391    1    0.001310
   152     1   0.000000       0.096522    2    0.000000
   153     1   0.000000       0.112328    3    0.000000
   154     1   0.000000       0.108709    4    0.000000
   155     6   0.000000       0.711148    5    0.000696
   156     8   0.000000      -0.569096    6    0.000865
   157     7   0.000000      -0.571115    7    0.000862
   158     1   0.000000       0.284451    8    0.000000
   159     6   0.000000       0.129486    9    0.003056
   160     6   0.000000      -0.179694   10    0.002431
   161     1   0.000000       0.078710   11    0.000000
   162     1   0.000000       0.035942   12    0.000000
   163     1   0.000000       0.065909   13    0.000000
   164     6   0.000000      -0.181665   14    0.002411
   165     1   0.000000       0.049333   15    0.000000
   166     1   0.000000       0.064701   16    0.000000
   167     1   0.000000       0.066724   17    0.000000
   168     6   0.000000       0.716040   18    0.000692
   169     8   0.000000      -0.564857   19    0.000872
   170     7   0.000000      -0.559699   20    0.000879
   171     1   0.000000       0.311737   21    0.000000
   172     6   0.000000      -0.107901   22    0.003399
   173     1   0.000000       0.091694   23    0.000000
   174     1   0.000000       0.084592   24    0.000000
   175     1   0.000000       0.094391   25    0.000000
   176     6   0.000000      -0.368391    1    0.001310
   177     1   0.000000       0.096522    2    0.000000
   178     1   0.000000       0.112328    3    0.000000
   179     1   0.000000       0.108709    4    0.000000
   180     6   0.000000       0.711148    5    0.000696
   181     8   0.000000      -0.569096    6    0.000865
   182     7   0.000000      -0.571115    7    0.000862
   183     1   0.000000       0.284451    8    0.000000
   184     6   0.000000       0.129486    9    0.003056
   185     6   0.000000      -0.179694   10    0.002431
   186     1   0.000000       0.078710   11    0.000000
   187     1   0.000000       0.035942   12    0.000000
   188     1   0.000000       0.065909   13    0.000000
   189     6   0.000000      -0.181665   14    0.002411
   190     1   0.000000       0.049333   15    0.000000
   191     1   0.000000       0.064701   16    0.000000
   192     1   0.000000       0.066724   17    0.000000
   193     6   0.000000       0.716040   18    0.000692
   194     8   0.000000      -0.564857   19    0.000872
   195     7   0.000000      -0.559699   20    0.000879
   196     1   0.000000       0.311737   21    0.000000
   197     6   0.000000      -0.107901   22    0.003399
   198     1   0.000000       0.091694   23    0.000000
   199     1   0.000000       0.084592   24    0.000000
   200     1   0.000000       0.094391   25    0.000000

        Statistics of the fitting:
  The initial sum of squares (ssvpot)                      3.455
  The residual sum of squares (chipot)                     0.033
  The std err of estimate (sqrt(chipot/N))               0.00564
  ESP relative RMS (SQRT(chipot/ssvpot))                 0.09715
