 -0.313087  0.089859  0.089859  0.089859  0.711148 -0.569096 -0.571115  0.284451
  0.129486 -0.204993  0.068728  0.068728  0.068728 -0.204993  0.068728  0.068728
  0.068728  0.716040 -0.564857 -0.559699  0.311737 -0.167351  0.106793  0.106793
  0.106793 -0.313087  0.089859  0.089859  0.089859  0.711148 -0.569096 -0.571115
  0.284451  0.129486 -0.204993  0.068728  0.068728  0.068728 -0.204993  0.068728
  0.068728  0.068728  0.716040 -0.564857 -0.559699  0.311737 -0.167351  0.106793
  0.106793  0.106793 -0.313087  0.089859  0.089859  0.089859  0.711148 -0.569096
 -0.571115  0.284451  0.129486 -0.204993  0.068728  0.068728  0.068728 -0.204993
  0.068728  0.068728  0.068728  0.716040 -0.564857 -0.559699  0.311737 -0.167351
  0.106793  0.106793  0.106793 -0.313087  0.089859  0.089859  0.089859  0.711148
 -0.569096 -0.571115  0.284451  0.129486 -0.204993  0.068728  0.068728  0.068728
 -0.204993  0.068728  0.068728  0.068728  0.716040 -0.564857 -0.559699  0.311737
 -0.167351  0.106793  0.106793  0.106793 -0.313087  0.089859  0.089859  0.089859
  0.711148 -0.569096 -0.571115  0.284451  0.129486 -0.204993  0.068728  0.068728
  0.068728 -0.204993  0.068728  0.068728  0.068728  0.716040 -0.564857 -0.559699
  0.311737 -0.167351  0.106793  0.106793  0.106793 -0.313087  0.089859  0.089859
  0.089859  0.711148 -0.569096 -0.571115  0.284451  0.129486 -0.204993  0.068728
  0.068728  0.068728 -0.204993  0.068728  0.068728  0.068728  0.716040 -0.564857
 -0.559699  0.311737 -0.167351  0.106793  0.106793  0.106793 -0.313087  0.089859
  0.089859  0.089859  0.711148 -0.569096 -0.571115  0.284451  0.129486 -0.204993
  0.068728  0.068728  0.068728 -0.204993  0.068728  0.068728  0.068728  0.716040
 -0.564857 -0.559699  0.311737 -0.167351  0.106793  0.106793  0.106793 -0.313087
  0.089859  0.089859  0.089859  0.711148 -0.569096 -0.571115  0.284451  0.129486
 -0.204993  0.068728  0.068728  0.068728 -0.204993  0.068728  0.068728  0.068728
  0.716040 -0.564857 -0.559699  0.311737 -0.167351  0.106793  0.106793  0.106793
