 -0.368391  0.096522  0.112328  0.108709  0.711148 -0.569096 -0.571115  0.284451
  0.129486 -0.179694  0.078710  0.035942  0.065909 -0.181665  0.049333  0.064701
  0.066724  0.716040 -0.564857 -0.559699  0.311737 -0.107901  0.091694  0.084592
  0.094391 -0.368391  0.096522  0.112328  0.108709  0.711148 -0.569096 -0.571115
  0.284451  0.129486 -0.179694  0.078710  0.035942  0.065909 -0.181665  0.049333
  0.064701  0.066724  0.716040 -0.564857 -0.559699  0.311737 -0.107901  0.091694
  0.084592  0.094391 -0.368391  0.096522  0.112328  0.108709  0.711148 -0.569096
 -0.571115  0.284451  0.129486 -0.179694  0.078710  0.035942  0.065909 -0.181665
  0.049333  0.064701  0.066724  0.716040 -0.564857 -0.559699  0.311737 -0.107901
  0.091694  0.084592  0.094391 -0.368391  0.096522  0.112328  0.108709  0.711148
 -0.569096 -0.571115  0.284451  0.129486 -0.179694  0.078710  0.035942  0.065909
 -0.181665  0.049333  0.064701  0.066724  0.716040 -0.564857 -0.559699  0.311737
 -0.107901  0.091694  0.084592  0.094391 -0.368391  0.096522  0.112328  0.108709
  0.711148 -0.569096 -0.571115  0.284451  0.129486 -0.179694  0.078710  0.035942
  0.065909 -0.181665  0.049333  0.064701  0.066724  0.716040 -0.564857 -0.559699
  0.311737 -0.107901  0.091694  0.084592  0.094391 -0.368391  0.096522  0.112328
  0.108709  0.711148 -0.569096 -0.571115  0.284451  0.129486 -0.179694  0.078710
  0.035942  0.065909 -0.181665  0.049333  0.064701  0.066724  0.716040 -0.564857
 -0.559699  0.311737 -0.107901  0.091694  0.084592  0.094391 -0.368391  0.096522
  0.112328  0.108709  0.711148 -0.569096 -0.571115  0.284451  0.129486 -0.179694
  0.078710  0.035942  0.065909 -0.181665  0.049333  0.064701  0.066724  0.716040
 -0.564857 -0.559699  0.311737 -0.107901  0.091694  0.084592  0.094391 -0.368391
  0.096522  0.112328  0.108709  0.711148 -0.569096 -0.571115  0.284451  0.129486
 -0.179694  0.078710  0.035942  0.065909 -0.181665  0.049333  0.064701  0.066724
  0.716040 -0.564857 -0.559699  0.311737 -0.107901  0.091694  0.084592  0.094391
