
 Dimethylalanine-dipeptide_(extended)                                           

iqopt   irstrnt  ihfree     qwt
  1      1      1        0.000500

 rel.rms   dipole mom       Qxx      Qyy      Qzz
    0.08689   0.00000   0.00000   0.00000   0.00000

          Point charges before & after optimization
    NO   At.No.    q0           q(opt)   IVARY  d(rstr)/dq 
     1     6   0.000000      -0.443370    0    0.001100
     2     1   0.000000       0.116754    0    0.000000
     3     1   0.000000       0.137177    0    0.000000
     4     1   0.000000       0.135492    0    0.000000
     5     6   0.000000       0.634811    0    0.000778
     6     8   0.000000      -0.587105    0    0.000840
     7     7   0.000000      -0.353185    0    0.001362
     8     1   0.000000       0.227690    0    0.000000
     9     6   0.000000       0.035528    0    0.004711
    10     6   0.000000      -0.203689    0    0.002203
    11     1   0.000000       0.116923    0    0.000000
    12     1   0.000000       0.054353    0    0.000000
    13     1   0.000000       0.031911    0    0.000000
    14     6   0.000000      -0.203738    0    0.002203
    15     1   0.000000       0.031227    0    0.000000
    16     1   0.000000       0.055227    0    0.000000
    17     1   0.000000       0.117549    0    0.000000
    18     6   0.000000       0.652713    0    0.000757
    19     8   0.000000      -0.553718    0    0.000889
    20     7   0.000000      -0.482802    0    0.001014
    21     1   0.000000       0.358211    0    0.000000
    22     6   0.000000      -0.250423    0    0.001854
    23     1   0.000000       0.126977    0    0.000000
    24     1   0.000000       0.127238    0    0.000000
    25     1   0.000000       0.118246    0    0.000000
    26     6   0.000000      -0.443370    1    0.001100
    27     1   0.000000       0.116754    2    0.000000
    28     1   0.000000       0.137177    3    0.000000
    29     1   0.000000       0.135492    4    0.000000
    30     6   0.000000       0.634811    5    0.000778
    31     8   0.000000      -0.587105    6    0.000840
    32     7   0.000000      -0.353185    7    0.001362
    33     1   0.000000       0.227690    8    0.000000
    34     6   0.000000       0.035528    9    0.004711
    35     6   0.000000      -0.203689   10    0.002203
    36     1   0.000000       0.116923   11    0.000000
    37     1   0.000000       0.054353   12    0.000000
    38     1   0.000000       0.031911   13    0.000000
    39     6   0.000000      -0.203738   14    0.002203
    40     1   0.000000       0.031227   15    0.000000
    41     1   0.000000       0.055227   16    0.000000
    42     1   0.000000       0.117549   17    0.000000
    43     6   0.000000       0.652713   18    0.000757
    44     8   0.000000      -0.553718   19    0.000889
    45     7   0.000000      -0.482802   20    0.001014
    46     1   0.000000       0.358211   21    0.000000
    47     6   0.000000      -0.250423   22    0.001854
    48     1   0.000000       0.126977   23    0.000000
    49     1   0.000000       0.127238   24    0.000000
    50     1   0.000000       0.118246   25    0.000000
    51     6   0.000000      -0.443370    1    0.001100
    52     1   0.000000       0.116754    2    0.000000
    53     1   0.000000       0.137177    3    0.000000
    54     1   0.000000       0.135492    4    0.000000
    55     6   0.000000       0.634811    5    0.000778
    56     8   0.000000      -0.587105    6    0.000840
    57     7   0.000000      -0.353185    7    0.001362
    58     1   0.000000       0.227690    8    0.000000
    59     6   0.000000       0.035528    9    0.004711
    60     6   0.000000      -0.203689   10    0.002203
    61     1   0.000000       0.116923   11    0.000000
    62     1   0.000000       0.054353   12    0.000000
    63     1   0.000000       0.031911   13    0.000000
    64     6   0.000000      -0.203738   14    0.002203
    65     1   0.000000       0.031227   15    0.000000
    66     1   0.000000       0.055227   16    0.000000
    67     1   0.000000       0.117549   17    0.000000
    68     6   0.000000       0.652713   18    0.000757
    69     8   0.000000      -0.553718   19    0.000889
    70     7   0.000000      -0.482802   20    0.001014
    71     1   0.000000       0.358211   21    0.000000
    72     6   0.000000      -0.250423   22    0.001854
    73     1   0.000000       0.126977   23    0.000000
    74     1   0.000000       0.127238   24    0.000000
    75     1   0.000000       0.118246   25    0.000000
    76     6   0.000000      -0.443370    1    0.001100
    77     1   0.000000       0.116754    2    0.000000
    78     1   0.000000       0.137177    3    0.000000
    79     1   0.000000       0.135492    4    0.000000
    80     6   0.000000       0.634811    5    0.000778
    81     8   0.000000      -0.587105    6    0.000840
    82     7   0.000000      -0.353185    7    0.001362
    83     1   0.000000       0.227690    8    0.000000
    84     6   0.000000       0.035528    9    0.004711
    85     6   0.000000      -0.203689   10    0.002203
    86     1   0.000000       0.116923   11    0.000000
    87     1   0.000000       0.054353   12    0.000000
    88     1   0.000000       0.031911   13    0.000000
    89     6   0.000000      -0.203738   14    0.002203
    90     1   0.000000       0.031227   15    0.000000
    91     1   0.000000       0.055227   16    0.000000
    92     1   0.000000       0.117549   17    0.000000
    93     6   0.000000       0.652713   18    0.000757
    94     8   0.000000      -0.553718   19    0.000889
    95     7   0.000000      -0.482802   20    0.001014
    96     1   0.000000       0.358211   21    0.000000
    97     6   0.000000      -0.250423   22    0.001854
    98     1   0.000000       0.126977   23    0.000000
    99     1   0.000000       0.127238   24    0.000000
   100     1   0.000000       0.118246   25    0.000000

        Statistics of the fitting:
  The initial sum of squares (ssvpot)                      1.249
  The residual sum of squares (chipot)                     0.009
  The std err of estimate (sqrt(chipot/N))               0.00303
  ESP relative RMS (SQRT(chipot/ssvpot))                 0.08689
