
 Dimethylalanine-dipeptide_(extended)                                           

iqopt   irstrnt  ihfree     qwt
  2      1      1        0.001000

 rel.rms   dipole mom       Qxx      Qyy      Qzz
    0.14524   0.00000   0.00000   0.00000   0.00000

          Point charges before & after optimization
    NO   At.No.    q0           q(opt)   IVARY  d(rstr)/dq 
     1     6  -0.443370      -0.232009    0    0.003958
     2     1   0.116754       0.069137    0    0.000000
     3     1   0.137177       0.069137    2    0.000000
     4     1   0.135492       0.069137    2    0.000000
     5     6   0.634811       0.634811   -1    0.001556
     6     8  -0.587105      -0.587105   -1    0.001679
     7     7  -0.353185      -0.353185   -1    0.002724
     8     1   0.227690       0.227690   -1    0.000000
     9     6   0.035528       0.035528   -1    0.009423
    10     6  -0.203689      -0.220840    0    0.004125
    11     1   0.116923       0.075063    0    0.000000
    12     1   0.054353       0.075063   11    0.000000
    13     1   0.031911       0.075063   11    0.000000
    14     6  -0.203738      -0.220840   10    0.004125
    15     1   0.031227       0.075063   11    0.000000
    16     1   0.055227       0.075063   11    0.000000
    17     1   0.117549       0.075063   11    0.000000
    18     6   0.652713       0.652713   -1    0.001514
    19     8  -0.553718      -0.553718   -1    0.001777
    20     7  -0.482802      -0.482802   -1    0.002028
    21     1   0.358211       0.358211   -1    0.000000
    22     6  -0.250423      -0.502233    0    0.001953
    23     1   0.126977       0.195330    0    0.000000
    24     1   0.127238       0.195330   23    0.000000
    25     1   0.118246       0.195330   23    0.000000
    26     6  -0.443370      -0.232009    1    0.003958
    27     1   0.116754       0.069137    2    0.000000
    28     1   0.137177       0.069137    2    0.000000
    29     1   0.135492       0.069137    2    0.000000
    30     6   0.634811       0.634811   -1    0.001556
    31     8  -0.587105      -0.587105   -1    0.001679
    32     7  -0.353185      -0.353185   -1    0.002724
    33     1   0.227690       0.227690   -1    0.000000
    34     6   0.035528       0.035528   -1    0.009423
    35     6  -0.203689      -0.220840   10    0.004125
    36     1   0.116923       0.075063   11    0.000000
    37     1   0.054353       0.075063   11    0.000000
    38     1   0.031911       0.075063   11    0.000000
    39     6  -0.203738      -0.220840   10    0.004125
    40     1   0.031227       0.075063   11    0.000000
    41     1   0.055227       0.075063   11    0.000000
    42     1   0.117549       0.075063   11    0.000000
    43     6   0.652713       0.652713   -1    0.001514
    44     8  -0.553718      -0.553718   -1    0.001777
    45     7  -0.482802      -0.482802   -1    0.002028
    46     1   0.358211       0.358211   -1    0.000000
    47     6  -0.250423      -0.502233   22    0.001953
    48     1   0.126977       0.195330   23    0.000000
    49     1   0.127238       0.195330   23    0.000000
    50     1   0.118246       0.195330   23    0.000000
    51     6  -0.443370      -0.232009    1    0.003958
    52     1   0.116754       0.069137    2    0.000000
    53     1   0.137177       0.069137    2    0.000000
    54     1   0.135492       0.069137    2    0.000000
    55     6   0.634811       0.634811   -1    0.001556
    56     8  -0.587105      -0.587105   -1    0.001679
    57     7  -0.353185      -0.353185   -1    0.002724
    58     1   0.227690       0.227690   -1    0.000000
    59     6   0.035528       0.035528   -1    0.009423
    60     6  -0.203689      -0.220840   10    0.004125
    61     1   0.116923       0.075063   11    0.000000
    62     1   0.054353       0.075063   11    0.000000
    63     1   0.031911       0.075063   11    0.000000
    64     6  -0.203738      -0.220840   10    0.004125
    65     1   0.031227       0.075063   11    0.000000
    66     1   0.055227       0.075063   11    0.000000
    67     1   0.117549       0.075063   11    0.000000
    68     6   0.652713       0.652713   -1    0.001514
    69     8  -0.553718      -0.553718   -1    0.001777
    70     7  -0.482802      -0.482802   -1    0.002028
    71     1   0.358211       0.358211   -1    0.000000
    72     6  -0.250423      -0.502233   22    0.001953
    73     1   0.126977       0.195330   23    0.000000
    74     1   0.127238       0.195330   23    0.000000
    75     1   0.118246       0.195330   23    0.000000
    76     6  -0.443370      -0.232009    1    0.003958
    77     1   0.116754       0.069137    2    0.000000
    78     1   0.137177       0.069137    2    0.000000
    79     1   0.135492       0.069137    2    0.000000
    80     6   0.634811       0.634811   -1    0.001556
    81     8  -0.587105      -0.587105   -1    0.001679
    82     7  -0.353185      -0.353185   -1    0.002724
    83     1   0.227690       0.227690   -1    0.000000
    84     6   0.035528       0.035528   -1    0.009423
    85     6  -0.203689      -0.220840   10    0.004125
    86     1   0.116923       0.075063   11    0.000000
    87     1   0.054353       0.075063   11    0.000000
    88     1   0.031911       0.075063   11    0.000000
    89     6  -0.203738      -0.220840   10    0.004125
    90     1   0.031227       0.075063   11    0.000000
    91     1   0.055227       0.075063   11    0.000000
    92     1   0.117549       0.075063   11    0.000000
    93     6   0.652713       0.652713   -1    0.001514
    94     8  -0.553718      -0.553718   -1    0.001777
    95     7  -0.482802      -0.482802   -1    0.002028
    96     1   0.358211       0.358211   -1    0.000000
    97     6  -0.250423      -0.502233   22    0.001953
    98     1   0.126977       0.195330   23    0.000000
    99     1   0.127238       0.195330   23    0.000000
   100     1   0.118246       0.195330   23    0.000000

        Statistics of the fitting:
  The initial sum of squares (ssvpot)                      1.249
  The residual sum of squares (chipot)                     0.026
  The std err of estimate (sqrt(chipot/N))               0.00507
  ESP relative RMS (SQRT(chipot/ssvpot))                 0.14524
