 -0.232009  0.069137  0.069137  0.069137  0.634811 -0.587105 -0.353185  0.227690
  0.035528 -0.220840  0.075063  0.075063  0.075063 -0.220840  0.075063  0.075063
  0.075063  0.652713 -0.553718 -0.482802  0.358211 -0.502233  0.195330  0.195330
  0.195330 -0.232009  0.069137  0.069137  0.069137  0.634811 -0.587105 -0.353185
  0.227690  0.035528 -0.220840  0.075063  0.075063  0.075063 -0.220840  0.075063
  0.075063  0.075063  0.652713 -0.553718 -0.482802  0.358211 -0.502233  0.195330
  0.195330  0.195330 -0.232009  0.069137  0.069137  0.069137  0.634811 -0.587105
 -0.353185  0.227690  0.035528 -0.220840  0.075063  0.075063  0.075063 -0.220840
  0.075063  0.075063  0.075063  0.652713 -0.553718 -0.482802  0.358211 -0.502233
  0.195330  0.195330  0.195330 -0.232009  0.069137  0.069137  0.069137  0.634811
 -0.587105 -0.353185  0.227690  0.035528 -0.220840  0.075063  0.075063  0.075063
 -0.220840  0.075063  0.075063  0.075063  0.652713 -0.553718 -0.482802  0.358211
 -0.502233  0.195330  0.195330  0.195330
