 -0.443370  0.116754  0.137177  0.135492  0.634811 -0.587105 -0.353185  0.227690
  0.035528 -0.203689  0.116923  0.054353  0.031911 -0.203738  0.031227  0.055227
  0.117549  0.652713 -0.553718 -0.482802  0.358211 -0.250423  0.126977  0.127238
  0.118246 -0.443370  0.116754  0.137177  0.135492  0.634811 -0.587105 -0.353185
  0.227690  0.035528 -0.203689  0.116923  0.054353  0.031911 -0.203738  0.031227
  0.055227  0.117549  0.652713 -0.553718 -0.482802  0.358211 -0.250423  0.126977
  0.127238  0.118246 -0.443370  0.116754  0.137177  0.135492  0.634811 -0.587105
 -0.353185  0.227690  0.035528 -0.203689  0.116923  0.054353  0.031911 -0.203738
  0.031227  0.055227  0.117549  0.652713 -0.553718 -0.482802  0.358211 -0.250423
  0.126977  0.127238  0.118246 -0.443370  0.116754  0.137177  0.135492  0.634811
 -0.587105 -0.353185  0.227690  0.035528 -0.203689  0.116923  0.054353  0.031911
 -0.203738  0.031227  0.055227  0.117549  0.652713 -0.553718 -0.482802  0.358211
 -0.250423  0.126977  0.127238  0.118246
